2.212121212121212210e-01
2.262626262626263041e-01
3.131313131313130937e-01
4.070707070707072495e-01
5.181818181818181879e-01
5.222222222222221433e-01
4.111111111111112604e-01
3.040404040404041108e-01
2.525252525252524860e-01
2.232323232323232820e-01
2.000000000000000111e-01
2.090909090909091328e-01
2.525252525252525415e-01
2.474747474747475140e-01
3.101010101010101550e-01
3.606060606060607632e-01
4.474747474747475806e-01
5.111111111111110716e-01
4.838383838383839008e-01
4.373737373737375256e-01
4.373737373737374701e-01
4.171717171717172490e-01
3.404040404040404866e-01
3.878787878787879340e-01
3.595959595959596911e-01
3.606060606060607632e-01
3.444444444444445530e-01
3.545454545454546635e-01
3.767676767676769178e-01
3.868686868686869729e-01
3.818181818181818898e-01
3.868686868686870284e-01
3.919191919191920559e-01
4.181818181818182656e-01
4.101010101010101883e-01
4.060606060606060663e-01
4.353535353535354924e-01
4.292929292929294482e-01
4.292929292929294482e-01
4.393939393939395033e-01
4.696969696969697794e-01
5.373737373737375034e-01
5.949494949494947837e-01
6.969696969696971278e-01
7.121212121212120438e-01
8.212121212121212821e-01
8.333333333333332593e-01
8.232323232323233153e-01
8.636363636363634244e-01
7.787878787878788067e-01
7.050505050505050386e-01
6.232323232323231377e-01
5.464646464646464308e-01
5.454545454545454142e-01
5.505050505050504972e-01
5.888888888888890172e-01
5.515151515151516248e-01
5.686868686868686851e-01
5.919191919191919560e-01
6.373737373737373701e-01
6.828282828282830064e-01
7.222222222222222099e-01
7.404040404040406198e-01
7.757575757575756459e-01
8.313131313131314482e-01
8.636363636363635354e-01
1.005050505050504972e+00
1.027272727272727115e+00
1.134343434343434653e+00
1.250505050505050786e+00
1.366666666666666474e+00
1.496969696969696617e+00
1.639393939393938737e+00
1.704040404040403578e+00
1.775757575757575868e+00
1.813131313131313371e+00
1.737373737373737015e+00
1.680808080808080973e+00
1.499999999999999778e+00
1.377777777777777768e+00
1.364646464646464441e+00
1.272727272727273151e+00
1.295959595959595756e+00
1.314141414141414055e+00
1.269696969696969546e+00
1.165656565656565391e+00
1.150505050505050475e+00
1.106060606060605966e+00
1.071717171717171624e+00
9.161616161616159548e-01
8.464646464646462531e-01
8.272727272727273817e-01
7.797979797979799343e-01
7.585858585858585856e-01
7.333333333333335036e-01
6.737373737373738569e-01
6.333333333333334147e-01
6.444444444444444864e-01
6.595959595959595134e-01
7.000000000000002887e-01
6.727272727272726183e-01
6.474747474747474252e-01
6.393939393939392923e-01
6.353535353535354480e-01
6.363636363636362425e-01
6.575757575757575912e-01
6.616161616161615466e-01
6.828282828282825623e-01
6.444444444444443754e-01
7.545454545454545192e-01
7.090909090909091050e-01
6.686868686868686629e-01
6.737373737373736349e-01
7.070707070707070718e-01
7.191919191919193821e-01
7.313131313131312483e-01
7.282828282828281985e-01
7.292929292929292151e-01
7.353535353535350927e-01
7.070707070707069608e-01
7.242424242424241321e-01
6.919191919191918227e-01
6.737373737373739679e-01
6.929292929292931724e-01
6.636363636363636909e-01
6.434343434343435808e-01
6.404040404040405310e-01
6.828282828282827843e-01
6.828282828282827843e-01
6.838383838383838009e-01
6.888888888888888840e-01
6.888888888888888840e-01
6.888888888888887729e-01
7.282828282828281985e-01
7.151515151515150936e-01
7.404040404040406198e-01
7.242424242424240211e-01
6.929292929292927283e-01
7.212121212121213043e-01
7.373737373737372369e-01
7.222222222222222099e-01
6.828282828282827843e-01
7.222222222222220989e-01
7.393939393939393812e-01
7.282828282828284205e-01
7.131313131313131715e-01
7.060606060606058332e-01
7.121212121212120438e-01
7.242424242424241321e-01
7.434343434343433366e-01
7.212121212121211933e-01
6.979797979797980334e-01
7.151515151515155377e-01
6.909090909090908061e-01
6.777777777777778123e-01
7.010101010101009722e-01
7.353535353535355368e-01
7.535353535353535026e-01
7.222222222222222099e-01
6.969696969696970168e-01
7.020202020202020998e-01
7.171717171717171269e-01
7.252525252525250377e-01
7.525252525252527080e-01
7.383838383838383645e-01
7.363636363636365534e-01
7.343434343434344092e-01
7.181818181818181435e-01
7.575757575757575690e-01
7.686868686868689737e-01
7.858585858585858119e-01
7.404040404040402867e-01
7.737373737373740568e-01
8.080808080808083993e-01
7.959595959595959780e-01
7.545454545454545192e-01
7.535353535353536136e-01
7.666666666666664964e-01
7.757575757575756459e-01
7.757575757575755349e-01
7.454545454545455918e-01
7.515151515151515804e-01
7.080808080808080884e-01
7.171717171717172379e-01
7.424242424242424310e-01
7.303030303030302317e-01
7.434343434343434476e-01
7.878787878787877341e-01
7.484848484848484196e-01
7.040404040404040220e-01
7.303030303030303427e-01
7.525252525252525970e-01
7.545454545454544082e-01
7.343434343434345202e-01
7.434343434343434476e-01
7.404040404040403978e-01
7.151515151515152047e-01
7.141414141414141881e-01
7.151515151515152047e-01
7.505050505050504528e-01
7.787878787878788067e-01
7.505050505050507859e-01
7.333333333333331705e-01
7.030303030303030054e-01
7.121212121212120438e-01
7.151515151515153157e-01
7.060606060606060552e-01
7.191919191919192711e-01
7.161616161616162213e-01
6.909090909090911392e-01
7.222222222222223209e-01
7.080808080808081995e-01
7.060606060606062773e-01
6.696969696969697905e-01
6.878787878787879784e-01
7.393939393939394922e-01
7.171717171717172379e-01
7.121212121212122659e-01
7.010101010101011942e-01
7.030303030303028944e-01
6.828282828282828953e-01
7.191919191919192711e-01
6.737373737373735239e-01
6.757575757575757791e-01
6.888888888888887729e-01
6.757575757575757791e-01
6.606060606060606410e-01
7.010101010101009722e-01
6.757575757575757791e-01
6.878787878787876453e-01
6.585858585858584968e-01
6.919191919191919338e-01
6.404040404040404200e-01
6.171717171717172601e-01
6.484848484848485528e-01
6.535353535353536358e-01
6.313131313131313815e-01
6.434343434343434698e-01
6.111111111111110494e-01
6.585858585858586078e-01
6.121212121212121771e-01
6.161616161616160214e-01
5.949494949494948948e-01
5.717171717171717349e-01
5.868686868686869840e-01
6.191919191919192933e-01
5.868686868686867619e-01
5.848484848484848397e-01
6.080808080808079996e-01
5.868686868686867619e-01
6.080808080808078886e-01
5.909090909090908283e-01
5.272727272727273373e-01
5.383838383838384090e-01
5.636363636363637131e-01
5.878787878787877785e-01
5.848484848484848397e-01
5.707070707070708293e-01
5.636363636363636020e-01
5.707070707070707183e-01
5.424242424242423644e-01
5.262626262626262097e-01
5.555555555555555802e-01
5.424242424242423644e-01
5.363636363636362647e-01
5.323232323232323093e-01
5.323232323232323093e-01
5.383838383838384090e-01
5.262626262626263207e-01
5.191919191919192045e-01
5.292929292929292595e-01
5.404040404040403311e-01
5.252525252525253041e-01
5.282828282828283539e-01
5.727272727272726405e-01
5.767676767676768179e-01
5.414141414141413478e-01
5.373737373737373924e-01
5.333333333333332149e-01
5.181818181818178548e-01
5.232323232323232709e-01
4.919191919191919227e-01
5.272727272727273373e-01
5.141414141414142325e-01
5.000000000000000000e-01
5.404040404040404422e-01
4.636363636363637353e-01
4.515151515151515360e-01
5.040404040404040664e-01
4.868686868686869507e-01
4.444444444444445308e-01
4.646464646464646964e-01
4.737373737373737903e-01
4.515151515151515360e-01
4.484848484848485972e-01
4.606060606060606855e-01
4.585858585858586522e-01
4.484848484848484862e-01
4.313131313131314259e-01
4.565656565656567301e-01
4.717171717171718681e-01
4.454545454545456584e-01
4.575757575757577467e-01
4.606060606060606299e-01
4.565656565656567301e-01
4.333333333333334592e-01
4.464646464646465640e-01
4.585858585858586522e-01
4.646464646464646964e-01
4.424242424242424421e-01
4.323232323232324426e-01
4.242424242424243652e-01
4.444444444444444198e-01
4.282828282828284316e-01
4.303030303030305204e-01
4.151515151515152713e-01
4.313131313131313704e-01
4.434343434343435142e-01
4.111111111111112604e-01
4.131313131313132936e-01
4.070707070707071940e-01
4.191919191919192822e-01
4.313131313131312594e-01
4.151515151515151603e-01
4.030303030303031275e-01
4.010101010101010943e-01
4.303030303030303538e-01
3.989898989898990611e-01
3.949494949494949947e-01
4.161616161616161769e-01
3.848484848484848841e-01
3.939393939393940336e-01
4.111111111111111494e-01
4.030303030303031275e-01
4.050505050505051052e-01
4.000000000000000777e-01
4.030303030303031275e-01
4.020202020202021664e-01
3.949494949494951057e-01
3.666666666666668073e-01
3.909090909090908728e-01
4.121212121212122770e-01
4.040404040404040886e-01
4.000000000000001332e-01
3.777777777777779344e-01
3.666666666666667518e-01
3.565656565656566968e-01
3.656565656565657907e-01
3.797979797979798566e-01
3.555555555555556246e-01
3.666666666666666963e-01
3.838383838383839231e-01
3.444444444444445530e-01
3.242424242424242764e-01
3.424242424242425753e-01
3.313131313131314482e-01
3.565656565656566968e-01
3.464646464646465862e-01
3.383838383838383979e-01
3.323232323232323537e-01
3.494949494949495250e-01
3.606060606060606522e-01
3.434343434343434809e-01
3.232323232323232598e-01
3.292929292929293594e-01
3.292929292929293039e-01
3.252525252525254040e-01
3.272727272727273262e-01
3.212121212121212821e-01
3.454545454545454586e-01
3.383838383838384534e-01
3.434343434343433699e-01
3.232323232323233153e-01
3.212121212121212821e-01
3.151515151515152935e-01
3.232323232323232598e-01
3.373737373737374368e-01
3.141414141414141659e-01
2.979797979797980667e-01
3.141414141414143324e-01
3.181818181818181768e-01
2.787878787878788067e-01
3.060606060606059775e-01
3.171717171717172712e-01
3.080808080808081773e-01
3.161616161616161991e-01
3.242424242424242764e-01
2.939393939393940003e-01
3.111111111111111160e-01
2.919191919191919671e-01
2.959595959595959780e-01
2.878787878787878451e-01
2.848484848484847953e-01
2.767676767676767735e-01
2.818181818181818010e-01
3.030303030303029832e-01
2.939393939393938893e-01
3.010101010101010055e-01
2.898989898989898228e-01
2.777777777777777901e-01
2.757575757575757569e-01
2.707070707070706739e-01
2.787878787878787512e-01
2.929292929292929837e-01
2.868686868686868841e-01
2.717171717171716905e-01
3.101010101010100994e-01
2.858585858585858119e-01
2.808080808080808399e-01
2.787878787878786957e-01
2.666666666666667185e-01
2.515151515151515249e-01
2.484848484848484751e-01
2.666666666666666630e-01
2.888888888888889173e-01
2.747474747474747403e-01
2.787878787878788067e-01
2.737373737373737237e-01
2.575757575757575135e-01
2.767676767676767735e-01
2.616161616161615799e-01
2.727272727272726516e-01
2.555555555555555358e-01
2.323232323232322649e-01
2.444444444444444364e-01
2.626262626262626521e-01
2.525252525252525415e-01
2.606060606060606744e-01
2.484848484848485306e-01
2.656565656565657019e-01
2.575757575757575690e-01
2.676767676767676796e-01
2.606060606060606188e-01
2.676767676767676241e-01
2.414141414141414144e-01
2.828282828282828731e-01
2.424242424242423755e-01
2.494949494949495195e-01
2.545454545454546302e-01
2.393939393939394367e-01
2.373737373737373757e-01
2.414141414141414421e-01
2.393939393939394644e-01
2.191919191919191601e-01
2.181818181818182545e-01
2.202020202020202877e-01
2.292929292929293261e-01
2.474747474747475140e-01
2.353535353535353425e-01
2.323232323232323482e-01
2.343434343434343814e-01
2.232323232323232820e-01
2.454545454545454530e-01
2.505050505050505083e-01
2.323232323232323204e-01
2.353535353535353702e-01
2.333333333333333370e-01
2.424242424242424310e-01
2.464646464646464419e-01
2.212121212121211933e-01
2.353535353535353702e-01
2.333333333333333648e-01
2.464646464646464419e-01
2.565656565656566079e-01
2.393939393939394089e-01
2.242424242424242986e-01
2.151515151515152324e-01
2.151515151515152047e-01
2.363636363636364146e-01
2.353535353535353980e-01
2.515151515151515249e-01
2.494949494949495195e-01
2.242424242424242431e-01
2.373737373737374590e-01
2.434343434343434198e-01
2.434343434343434753e-01
2.545454545454544637e-01
2.414141414141414421e-01
2.494949494949494639e-01
2.404040404040404255e-01
2.525252525252524860e-01
2.424242424242425420e-01
2.262626262626262763e-01
2.676767676767676241e-01
2.646464646464646298e-01
2.565656565656566079e-01
2.656565656565656464e-01
2.525252525252524860e-01
2.323232323232324037e-01
2.454545454545454530e-01
2.585858585858586967e-01
2.646464646464646298e-01
2.464646464646464974e-01
2.555555555555556468e-01
2.686868686868685852e-01
2.535353535353535026e-01
2.424242424242424310e-01
2.494949494949495195e-01
2.333333333333333648e-01
2.303030303030303150e-01
2.444444444444444919e-01
2.353535353535353425e-01
2.262626262626263318e-01
2.383838383838384756e-01
2.303030303030303705e-01
2.575757575757575135e-01
2.383838383838383923e-01
2.222222222222222654e-01
2.141414141414141881e-01
2.131313131313131437e-01
2.181818181818182545e-01
2.090909090909091050e-01
2.000000000000000944e-01
1.818181818181818510e-01
1.929292929292930059e-01
1.848484848484849008e-01
1.757575757575758069e-01
1.959595959595960557e-01
1.939393939393939947e-01
1.979797979797980334e-01
1.868686868686869063e-01
1.787878787878789122e-01
1.818181818181818232e-01
1.898989898989899561e-01
1.828282828282828398e-01
1.878787878787879784e-01
1.888888888888889395e-01
1.858585858585859452e-01
1.959595959595960002e-01
1.858585858585858896e-01
1.929292929292930059e-01
1.767676767676768790e-01
1.595959595959596800e-01
1.585858585858586356e-01
1.696969696969697627e-01
1.989898989898990223e-01
1.848484848484849008e-01
1.838383838383839120e-01
1.686868686868687184e-01
1.606060606060606688e-01
1.838383838383838564e-01
1.676767676767677295e-01
1.373737373737373979e-01
1.575757575757576190e-01
1.868686868686869618e-01
1.888888888888889117e-01
1.767676767676768512e-01
1.727272727272727570e-01
1.575757575757576190e-01
1.707070707070706961e-01
1.848484848484849563e-01
1.606060606060606410e-01
1.666666666666667129e-01
1.858585858585858896e-01
1.676767676767677295e-01
1.737373737373737737e-01
1.747474747474748180e-01
1.545454545454545692e-01
1.676767676767677573e-01
1.787878787878788844e-01
1.717171717171717127e-01
1.585858585858585523e-01
1.838383838383838842e-01
1.888888888888889672e-01
1.616161616161616577e-01
1.777777777777778123e-01
1.656565656565656963e-01
1.646464646464646797e-01
1.646464646464646797e-01
1.595959595959596244e-01
1.383838383838383868e-01
1.444444444444444309e-01
1.777777777777778401e-01
1.727272727272727570e-01
1.505050505050505028e-01
1.595959595959596522e-01
1.656565656565657241e-01
1.545454545454545969e-01
1.525252525252525360e-01
1.707070707070707516e-01
1.555555555555555580e-01
1.626262626262626743e-01
1.686868686868687739e-01
1.505050505050505305e-01
1.535353535353535248e-01
1.454545454545454752e-01
1.626262626262627020e-01
1.464646464646464641e-01
1.515151515151515194e-01
1.535353535353535526e-01
1.383838383838383868e-01
1.575757575757576745e-01
1.353535353535353369e-01
1.494949494949495139e-01
1.575757575757576467e-01
1.323232323232323426e-01
1.444444444444444864e-01
1.404040404040404200e-01
1.323232323232323704e-01
1.444444444444444864e-01
1.424242424242424532e-01
1.454545454545454752e-01
1.454545454545454752e-01
1.242424242424242375e-01
1.464646464646464918e-01
1.545454545454545692e-01
1.434343434343434698e-01
1.383838383838384145e-01
1.393939393939393756e-01
1.404040404040404200e-01
1.363636363636364091e-01
1.565656565656566579e-01
1.393939393939394034e-01
1.272727272727272874e-01
1.393939393939393756e-01
1.383838383838384423e-01
1.202020202020201989e-01
1.444444444444444586e-01
1.424242424242424532e-01
1.353535353535353924e-01
1.393939393939394034e-01
1.474747474747474807e-01
1.343434343434343758e-01
1.444444444444444586e-01
1.434343434343434698e-01
1.363636363636363535e-01
1.151515151515151991e-01
1.333333333333333870e-01
1.262626262626262985e-01
1.232323232323232487e-01
1.444444444444444309e-01
1.333333333333333592e-01
1.393939393939394311e-01
1.333333333333333592e-01
1.171717171717171907e-01
1.424242424242424254e-01
1.363636363636364091e-01
1.292929292929292651e-01
1.181818181818182073e-01
1.202020202020202266e-01
1.393939393939394034e-01
1.222222222222222460e-01
1.383838383838383868e-01
1.494949494949495139e-01
1.212121212121212432e-01
1.161616161616161880e-01
1.222222222222222460e-01
1.202020202020202405e-01
1.313131313131313260e-01
1.212121212121212155e-01
1.151515151515151714e-01
1.282828282828282762e-01
1.141414141414141686e-01
1.373737373737373701e-01
1.313131313131313538e-01
1.434343434343434698e-01
1.161616161616162018e-01
1.272727272727272874e-01
1.373737373737373701e-01
1.303030303030303649e-01
1.202020202020202128e-01
1.212121212121212155e-01
1.202020202020202266e-01
1.343434343434343758e-01
1.040404040404040442e-01
1.050505050505050747e-01
1.121212121212121354e-01
1.060606060606061052e-01
1.070707070707070940e-01
1.151515151515151436e-01
1.141414141414141686e-01
1.373737373737374257e-01
1.272727272727272874e-01
1.343434343434343758e-01
1.212121212121212155e-01
1.282828282828282762e-01
1.000000000000000194e-01
1.010101010101010222e-01
1.202020202020202266e-01
1.232323232323232765e-01
1.414141414141414643e-01
1.050505050505050608e-01
1.161616161616162018e-01
1.414141414141414366e-01
1.030303030303030415e-01
1.121212121212121215e-01
1.141414141414141825e-01
1.121212121212121354e-01
1.313131313131313260e-01
1.262626262626263263e-01
1.040404040404040720e-01
1.131313131313131659e-01
9.494949494949500579e-02
1.151515151515151575e-01
1.131313131313131659e-01
1.262626262626262430e-01
1.242424242424242375e-01
1.010101010101010222e-01
1.090909090909091411e-01
1.000000000000000056e-01
1.171717171717172046e-01
1.181818181818182073e-01
1.202020202020202128e-01
1.272727272727273429e-01
9.898989898989901670e-02
9.898989898989901670e-02
1.070707070707071079e-01
1.080808080808080690e-01
1.060606060606061191e-01
1.040404040404040581e-01
1.101010101010101300e-01
1.050505050505050608e-01
9.090909090909095325e-02
1.141414141414141548e-01
1.111111111111111049e-01
1.101010101010101161e-01
1.060606060606060913e-01
1.060606060606061052e-01
9.797979797979802785e-02
1.232323232323232209e-01
1.070707070707070802e-01
1.262626262626262708e-01
1.070707070707071079e-01
1.373737373737374257e-01
1.040404040404040581e-01
1.090909090909091134e-01
9.191919191919195598e-02
9.595959595959598076e-02
1.070707070707071079e-01
1.030303030303030554e-01
1.050505050505050886e-01
1.060606060606060913e-01
1.000000000000000333e-01
1.171717171717171907e-01
1.000000000000000333e-01
9.898989898989904446e-02
1.030303030303030692e-01
1.050505050505050747e-01
1.000000000000000333e-01
1.070707070707071079e-01
1.121212121212121215e-01
1.080808080808080968e-01
1.020202020202020665e-01
1.131313131313131382e-01
1.101010101010101300e-01
9.191919191919195598e-02
1.121212121212121493e-01
1.020202020202020249e-01
9.494949494949495028e-02
1.141414141414141825e-01
1.272727272727272874e-01
1.161616161616161880e-01
1.000000000000000333e-01
1.141414141414141548e-01
1.111111111111111327e-01
1.010101010101010222e-01
1.040404040404040581e-01
1.090909090909091272e-01
1.151515151515151991e-01
1.070707070707071079e-01
1.181818181818182073e-01
1.101010101010101022e-01
1.070707070707070802e-01
9.898989898989905833e-02
9.898989898989903058e-02
8.787878787878790343e-02
1.040404040404040442e-01
1.070707070707070940e-01
1.121212121212121493e-01
1.060606060606061052e-01
1.050505050505050608e-01
1.080808080808080829e-01
9.494949494949497804e-02
9.797979797979802785e-02
9.393939393939398919e-02
1.070707070707071079e-01
1.030303030303030415e-01
9.292929292929294482e-02
9.090909090909096713e-02
9.696969696969699737e-02
9.191919191919192822e-02
1.111111111111111327e-01
1.050505050505050747e-01
1.131313131313131520e-01
9.292929292929294482e-02
9.393939393939396143e-02
1.111111111111111743e-01
8.989898989898993664e-02
9.494949494949497804e-02
1.000000000000000194e-01
9.898989898989904446e-02
1.080808080808081245e-01
1.000000000000000333e-01
1.050505050505050608e-01
1.030303030303030415e-01
1.040404040404040859e-01
1.000000000000000472e-01
1.090909090909091411e-01
1.000000000000000472e-01
9.090909090909092549e-02
8.181818181818184543e-02
1.151515151515151575e-01
9.494949494949496416e-02
8.383838383838387864e-02
8.282828282828284816e-02
8.080808080808081495e-02
9.191919191919196985e-02
8.686868686868690070e-02
9.292929292929295870e-02
9.898989898989903058e-02
1.040404040404040859e-01
1.030303030303030692e-01
9.595959595959598076e-02
1.040404040404040581e-01
8.383838383838386477e-02
8.484848484848485362e-02
8.888888888888887840e-02
9.191919191919196985e-02
9.393939393939396143e-02
8.282828282828286204e-02
1.121212121212121771e-01
1.010101010101010222e-01
7.777777777777780677e-02
8.282828282828287592e-02
8.282828282828286204e-02
8.686868686868691458e-02
9.393939393939398919e-02
8.787878787878787568e-02
9.696969696969698349e-02
8.686868686868692846e-02
8.787878787878791731e-02
1.070707070707070940e-01
9.494949494949497804e-02
8.787878787878791731e-02
8.080808080808082883e-02
9.090909090909093937e-02
9.898989898989900282e-02
9.595959595959600852e-02
9.191919191919195598e-02
8.181818181818184543e-02
8.484848484848488137e-02
7.777777777777777901e-02
9.595959595959596689e-02
1.131313131313131937e-01
8.888888888888892004e-02
9.393939393939398919e-02
1.050505050505050747e-01
7.676767676767680404e-02
8.989898989898992276e-02
8.787878787878793119e-02
8.080808080808082883e-02
6.666666666666669350e-02
8.989898989898995052e-02
9.595959595959598076e-02
8.888888888888893391e-02
9.393939393939398919e-02
7.575757575757575968e-02
8.888888888888892004e-02
8.585858585858587022e-02
8.989898989898992276e-02
8.484848484848486749e-02
9.898989898989903058e-02
8.888888888888890616e-02
9.898989898989900282e-02
9.393939393939394755e-02
8.888888888888890616e-02
9.090909090909092549e-02
8.787878787878788955e-02
9.090909090909091161e-02
9.595959595959598076e-02
9.898989898989903058e-02
7.373737373737375422e-02
9.090909090909095325e-02
9.393939393939398919e-02
8.787878787878790343e-02
8.282828282828287592e-02
8.686868686868691458e-02
9.393939393939396143e-02
8.282828282828288979e-02
8.181818181818185931e-02
9.595959595959598076e-02
8.686868686868688683e-02
8.383838383838385089e-02
9.393939393939397531e-02
7.373737373737375422e-02
6.969696969696972944e-02
8.282828282828284816e-02
8.787878787878788955e-02
8.181818181818183155e-02
7.777777777777780677e-02
9.696969696969699737e-02
8.080808080808085658e-02
8.383838383838386477e-02
8.585858585858585634e-02
8.686868686868688683e-02
7.878787878787880949e-02
7.272727272727275150e-02
8.383838383838387864e-02
7.979797979797982610e-02
8.787878787878790343e-02
8.080808080808081495e-02
8.787878787878788955e-02
8.888888888888892004e-02
1.010101010101010499e-01
6.161616161616163823e-02
8.585858585858587022e-02
8.787878787878791731e-02
7.272727272727273762e-02
8.888888888888892004e-02
8.787878787878791731e-02
9.090909090909093937e-02
7.171717171717174877e-02
9.393939393939397531e-02
1.020202020202020249e-01
8.686868686868690070e-02
8.181818181818185931e-02
7.979797979797981222e-02
8.686868686868691458e-02
7.676767676767679016e-02
7.777777777777779289e-02
9.696969696969696961e-02
7.878787878787882337e-02
7.979797979797981222e-02
7.474747474747477083e-02
7.373737373737376810e-02
7.777777777777779289e-02
9.696969696969698349e-02
6.565656565656567689e-02
8.585858585858588410e-02
8.585858585858589798e-02
9.090909090909093937e-02
8.383838383838387864e-02
9.090909090909092549e-02
9.595959595959599464e-02
8.282828282828286204e-02
8.080808080808082883e-02
6.565656565656567689e-02
8.383838383838387864e-02
7.575757575757578743e-02
9.595959595959595301e-02
7.575757575757575968e-02
8.181818181818181768e-02
6.363636363636365756e-02
9.696969696969695574e-02
7.474747474747477083e-02
8.282828282828286204e-02
7.474747474747478471e-02
8.484848484848485362e-02
7.878787878787882337e-02
8.282828282828286204e-02
7.878787878787882337e-02
5.757575757575760650e-02
8.383838383838386477e-02
7.575757575757580131e-02
6.767676767676769622e-02
6.868686868686868507e-02
6.767676767676771010e-02
8.282828282828286204e-02
7.373737373737376810e-02
7.171717171717173489e-02
7.171717171717173489e-02
9.696969696969696961e-02
6.262626262626262708e-02
7.575757575757580131e-02
7.272727272727276537e-02
6.969696969696972944e-02
5.959595959595960502e-02
8.787878787878790343e-02
8.181818181818183155e-02
7.171717171717173489e-02
7.676767676767679016e-02
6.868686868686869895e-02
8.585858585858587022e-02
7.575757575757580131e-02
7.676767676767680404e-02
8.282828282828287592e-02
7.373737373737374035e-02
6.464646464646467416e-02
8.080808080808080107e-02
7.272727272727275150e-02
8.181818181818184543e-02
7.474747474747478471e-02
7.171717171717173489e-02
8.787878787878788955e-02
7.373737373737378198e-02
7.777777777777777901e-02
7.373737373737376810e-02
8.888888888888890616e-02
7.979797979797982610e-02
6.767676767676769622e-02
7.474747474747475695e-02
6.666666666666669350e-02
7.676767676767677628e-02
6.767676767676769622e-02
7.979797979797982610e-02
7.575757575757577356e-02
6.464646464646467416e-02
8.686868686868691458e-02
7.676767676767679016e-02
6.868686868686867120e-02
6.161616161616163823e-02
8.888888888888889228e-02
6.767676767676769622e-02
7.575757575757575968e-02
6.565656565656567689e-02
6.363636363636365756e-02
6.363636363636365756e-02
6.565656565656564914e-02
5.757575757575758568e-02
7.272727272727275150e-02
6.666666666666667962e-02
4.646464646464647935e-02
6.969696969696971556e-02
6.666666666666667962e-02
6.868686868686871283e-02
7.171717171717174877e-02
6.161616161616163823e-02
6.666666666666666574e-02
7.979797979797982610e-02
7.979797979797979834e-02
7.070707070707071829e-02
7.676767676767679016e-02
6.666666666666669350e-02
7.272727272727275150e-02
6.363636363636367144e-02
4.040404040404040747e-02
6.262626262626264095e-02
6.969696969696971556e-02
7.979797979797981222e-02
7.474747474747477083e-02
8.282828282828287592e-02
5.757575757575759262e-02
6.868686868686869895e-02
7.171717171717173489e-02
7.878787878787879562e-02
7.272727272727273762e-02
5.353535353535356089e-02
6.262626262626264095e-02
7.979797979797982610e-02
8.484848484848489525e-02
6.363636363636365756e-02
6.767676767676771010e-02
6.464646464646467416e-02
7.171717171717173489e-02
6.262626262626264095e-02
7.070707070707071829e-02
6.666666666666669350e-02
7.272727272727275150e-02
7.272727272727273762e-02
7.373737373737375422e-02
7.979797979797982610e-02
5.858585858585860923e-02
7.373737373737375422e-02
7.070707070707073216e-02
7.272727272727277925e-02
6.161616161616163823e-02
5.757575757575762038e-02
5.656565656565658295e-02
7.070707070707074604e-02
6.565656565656564914e-02
7.777777777777779289e-02
6.767676767676769622e-02
7.070707070707073216e-02
6.565656565656566301e-02
6.565656565656567689e-02
8.383838383838386477e-02
5.959595959595961889e-02
6.868686868686868507e-02
7.272727272727275150e-02
7.474747474747478471e-02
8.888888888888890616e-02
6.262626262626264095e-02
6.565656565656567689e-02
5.555555555555556635e-02
6.969696969696972944e-02
6.565656565656567689e-02
5.050505050505053189e-02
5.454545454545456362e-02
6.767676767676769622e-02
6.767676767676769622e-02
6.767676767676771010e-02
6.969696969696970168e-02
6.262626262626264095e-02
6.969696969696970168e-02
6.060606060606063550e-02
5.454545454545454974e-02
5.959595959595961195e-02
6.565656565656567689e-02
6.464646464646467416e-02
5.454545454545456362e-02
7.070707070707071829e-02
5.353535353535354008e-02
6.565656565656567689e-02
6.161616161616163823e-02
6.060606060606063550e-02
5.858585858585859535e-02
5.353535353535355396e-02
6.060606060606062162e-02
6.969696969696972944e-02
6.464646464646464641e-02
6.969696969696968780e-02
6.767676767676771010e-02
6.363636363636365756e-02
5.252525252525253735e-02
6.464646464646467416e-02
6.565656565656569077e-02
5.353535353535355396e-02
6.464646464646467416e-02
6.262626262626264095e-02
6.969696969696971556e-02
6.666666666666667962e-02
5.252525252525255817e-02
6.363636363636364368e-02
5.858585858585860923e-02
6.666666666666669350e-02
6.969696969696970168e-02
6.161616161616165210e-02
5.757575757575758568e-02
6.262626262626262708e-02
5.858585858585860923e-02
5.555555555555557329e-02
4.949494949494952223e-02
5.858585858585860923e-02
6.161616161616163823e-02
5.353535353535354702e-02
6.767676767676769622e-02
4.545454545454546968e-02
5.959595959595961195e-02
5.454545454545455668e-02
5.454545454545455668e-02
5.555555555555556635e-02
4.848484848484850562e-02
6.868686868686871283e-02
5.959595959595962583e-02
5.656565656565658989e-02
5.959595959595961889e-02
4.848484848484849868e-02
5.454545454545456362e-02
6.666666666666667962e-02
4.949494949494950141e-02
5.757575757575758568e-02
5.454545454545456362e-02
5.050505050505051802e-02
5.353535353535354008e-02
5.656565656565658295e-02
5.757575757575759262e-02
3.838383838383838814e-02
5.656565656565656908e-02
5.555555555555557329e-02
5.656565656565657602e-02
5.252525252525254429e-02
4.545454545454546968e-02
5.656565656565658989e-02
5.353535353535354702e-02
5.858585858585860923e-02
4.949494949494951529e-02
6.868686868686869895e-02
5.454545454545454974e-02
3.232323232323232320e-02
4.747474747474747514e-02
6.262626262626264095e-02
5.353535353535355396e-02
5.252525252525253041e-02
6.969696969696972944e-02
6.060606060606062162e-02
6.666666666666667962e-02
4.949494949494950141e-02
5.656565656565658989e-02
5.050505050505051108e-02
5.555555555555558023e-02
5.656565656565656908e-02
3.232323232323232320e-02
4.444444444444446002e-02
4.545454545454546275e-02
5.959595959595959808e-02
4.747474747474748902e-02
4.646464646464647241e-02
5.454545454545455668e-02
5.454545454545456362e-02
5.050505050505051108e-02
5.050505050505053883e-02
5.757575757575759262e-02
5.757575757575759262e-02
6.060606060606063550e-02
4.848484848484849868e-02
4.747474747474748902e-02
3.636363636363636881e-02
4.949494949494950835e-02
5.252525252525253735e-02
5.151515151515153462e-02
5.858585858585860229e-02
3.333333333333333287e-02
5.555555555555558023e-02
5.151515151515153462e-02
5.555555555555555941e-02
4.545454545454546968e-02
4.747474747474748902e-02
4.646464646464647241e-02
4.848484848484850562e-02
5.757575757575757874e-02
5.353535353535356089e-02
4.343434343434344341e-02
4.040404040404040747e-02
4.646464646464647241e-02
4.848484848484848481e-02
5.959595959595961195e-02
5.050505050505052496e-02
4.141414141414142408e-02
4.242424242424243375e-02
4.343434343434345035e-02
4.949494949494950141e-02
3.737373737373737848e-02
4.949494949494951529e-02
4.242424242424243375e-02
5.252525252525253041e-02
4.040404040404040054e-02
3.838383838383839508e-02
5.050505050505050414e-02
4.242424242424242681e-02
4.141414141414142408e-02
3.535353535353535914e-02
4.141414141414143102e-02
4.848484848484849175e-02
4.141414141414143102e-02
3.535353535353535914e-02
3.535353535353535914e-02
3.737373737373738541e-02
4.848484848484848481e-02
4.848484848484849175e-02
4.444444444444445308e-02
4.444444444444446002e-02
2.424242424242423893e-02
4.848484848484849868e-02
4.949494949494951529e-02
4.545454545454547662e-02
3.434343434343434254e-02
4.646464646464647241e-02
4.444444444444445308e-02
3.333333333333333287e-02
3.535353535353535220e-02
2.929292929292929074e-02
4.343434343434344341e-02
3.737373737373737848e-02
4.343434343434345729e-02
3.838383838383838120e-02
4.444444444444446002e-02
4.040404040404041441e-02
4.343434343434345729e-02
3.737373737373738541e-02
3.333333333333333287e-02
1.818181818181818094e-02
4.242424242424243375e-02
4.949494949494950835e-02
4.242424242424242681e-02
4.242424242424243375e-02
4.040404040404040747e-02
3.535353535353535220e-02
2.828282828282828107e-02
4.040404040404040747e-02
4.444444444444444614e-02
3.434343434343434948e-02
3.434343434343434254e-02
4.848484848484849175e-02
3.030303030303030040e-02
3.232323232323232320e-02
2.727272727272727140e-02
3.131313131313130660e-02
3.838383838383839508e-02
3.838383838383838814e-02
4.040404040404042135e-02
2.020202020202020027e-02
4.141414141414143102e-02
4.141414141414142408e-02
3.535353535353535914e-02
3.838383838383838814e-02
3.131313131313130660e-02
4.040404040404042135e-02
3.636363636363636881e-02
3.737373737373738541e-02
3.535353535353535914e-02
3.131313131313130660e-02
3.636363636363636187e-02
4.141414141414143102e-02
3.636363636363636187e-02
3.232323232323232320e-02
4.545454545454546968e-02
3.636363636363636881e-02
3.535353535353535914e-02
3.737373737373737848e-02
4.242424242424242681e-02
2.929292929292929074e-02
4.545454545454547662e-02
3.535353535353535914e-02
3.434343434343434254e-02
3.939393939393940475e-02
3.636363636363636881e-02
3.939393939393940475e-02
3.333333333333332593e-02
3.737373737373737848e-02
4.343434343434343647e-02
4.141414141414142408e-02
4.040404040404042135e-02
2.929292929292929074e-02
4.545454545454547662e-02
4.040404040404041441e-02
4.040404040404041441e-02
3.636363636363636187e-02
5.050505050505052496e-02
3.939393939393941169e-02
3.333333333333332593e-02
2.222222222222221960e-02
3.838383838383839508e-02
3.636363636363636881e-02
3.838383838383838120e-02
4.242424242424242681e-02
3.131313131313130660e-02
4.242424242424242681e-02
3.737373737373737848e-02
3.232323232323232320e-02
4.040404040404040747e-02
3.636363636363636881e-02
3.636363636363636881e-02
3.939393939393940475e-02
4.646464646464647241e-02
4.242424242424241987e-02
4.040404040404040054e-02
3.434343434343434254e-02
4.747474747474749596e-02
4.848484848484850562e-02
4.646464646464647935e-02
3.434343434343434254e-02
4.343434343434345035e-02
4.040404040404041441e-02
3.636363636363637575e-02
4.141414141414143102e-02
3.232323232323232320e-02
3.535353535353535914e-02
3.636363636363636881e-02
3.737373737373737848e-02
3.434343434343434254e-02
4.242424242424242681e-02
3.939393939393939781e-02
4.444444444444445308e-02
3.434343434343434254e-02
3.939393939393939781e-02
4.646464646464646547e-02
4.747474747474748208e-02
4.545454545454545581e-02
4.242424242424242681e-02
4.646464646464647935e-02
3.434343434343434254e-02
5.353535353535354702e-02
5.858585858585860229e-02
5.555555555555556635e-02
5.656565656565657602e-02
5.555555555555558023e-02
5.656565656565658989e-02
4.646464646464646547e-02
5.757575757575759262e-02
5.656565656565658989e-02
5.656565656565658295e-02
5.151515151515152074e-02
5.252525252525253041e-02
6.262626262626264095e-02
5.555555555555557329e-02
4.646464646464647241e-02
6.969696969696971556e-02
6.969696969696971556e-02
6.767676767676771010e-02
7.070707070707071829e-02
4.444444444444446002e-02
6.767676767676769622e-02
5.757575757575759956e-02
6.161616161616162435e-02
7.676767676767680404e-02
6.060606060606062162e-02
5.151515151515152768e-02
6.060606060606062162e-02
7.070707070707071829e-02
7.777777777777779289e-02
7.474747474747477083e-02
7.272727272727276537e-02
7.272727272727275150e-02
7.373737373737376810e-02
8.181818181818181768e-02
6.161616161616162435e-02
7.777777777777782064e-02
7.272727272727276537e-02
7.777777777777780677e-02
8.383838383838387864e-02
7.272727272727275150e-02
8.282828282828286204e-02
7.272727272727273762e-02
7.676767676767679016e-02
9.292929292929294482e-02
9.090909090909091161e-02
7.979797979797983998e-02
8.787878787878790343e-02
7.575757575757575968e-02
8.181818181818183155e-02
7.575757575757577356e-02
8.686868686868687295e-02
6.363636363636365756e-02
7.777777777777780677e-02
6.464646464646466029e-02
6.161616161616163823e-02
7.575757575757578743e-02
7.676767676767677628e-02
7.373737373737376810e-02
7.474747474747478471e-02
5.959595959595961195e-02
7.676767676767677628e-02
7.070707070707073216e-02
7.878787878787880949e-02
7.171717171717173489e-02
5.959595959595961195e-02
6.262626262626262708e-02
6.565656565656567689e-02
5.757575757575759262e-02
5.858585858585860229e-02
4.848484848484848481e-02
4.747474747474749596e-02
6.464646464646466029e-02
6.464646464646466029e-02
4.545454545454546275e-02
3.939393939393940475e-02
5.555555555555558717e-02
4.949494949494950835e-02
4.747474747474748902e-02
4.040404040404041441e-02
2.323232323232322927e-02
3.939393939393940475e-02
4.343434343434345035e-02
3.838383838383838120e-02
4.040404040404041441e-02
3.636363636363636881e-02
3.838383838383839508e-02
4.242424242424242681e-02
3.434343434343434254e-02
4.343434343434343647e-02
4.242424242424243375e-02
4.646464646464647935e-02
4.141414141414142408e-02
4.646464646464647241e-02
4.444444444444446002e-02
3.636363636363636881e-02
3.535353535353535914e-02
3.535353535353535914e-02
3.535353535353535220e-02
2.727272727272727140e-02
2.424242424242423893e-02
2.424242424242423893e-02
1.717171717171717127e-02
1.717171717171717127e-02
2.626262626262626174e-02
1.919191919191919060e-02
2.121212121212120993e-02
2.424242424242423893e-02
2.222222222222221960e-02
1.313131313131313087e-02
1.717171717171717127e-02
1.414141414141414053e-02
1.616161616161616160e-02
2.121212121212120993e-02
1.313131313131313087e-02
2.121212121212120993e-02
1.414141414141414227e-02
1.818181818181818094e-02
1.717171717171717127e-02
2.626262626262626174e-02
1.818181818181818094e-02
2.222222222222221960e-02
2.020202020202020027e-02
1.313131313131313087e-02
1.616161616161616160e-02
1.414141414141414053e-02
2.020202020202020027e-02
1.414141414141414053e-02
1.818181818181818094e-02
1.414141414141414053e-02
1.313131313131313087e-02
1.414141414141414053e-02
2.222222222222221960e-02
1.515151515151515020e-02
1.616161616161616160e-02
1.818181818181818094e-02
1.818181818181818094e-02
1.818181818181818094e-02
1.818181818181818094e-02
1.818181818181818094e-02
2.020202020202020027e-02
1.919191919191919060e-02
8.080808080808080801e-03
2.323232323232322927e-02
1.212121212121211947e-02
1.414141414141414227e-02
1.717171717171717127e-02
1.515151515151515020e-02
2.121212121212120993e-02
2.323232323232322927e-02
1.313131313131313087e-02
1.212121212121211947e-02
1.414141414141414053e-02
1.616161616161616160e-02
1.212121212121211947e-02
1.212121212121212120e-02
1.010101010101010013e-02
1.515151515151515020e-02
1.616161616161616160e-02
2.121212121212120993e-02
8.080808080808080801e-03
1.717171717171717127e-02
1.515151515151515020e-02
1.515151515151515020e-02
1.717171717171717127e-02
1.313131313131313087e-02
1.717171717171717127e-02
1.616161616161616160e-02
1.010101010101010013e-02
1.717171717171717127e-02
2.020202020202020027e-02
1.919191919191919060e-02
1.515151515151515020e-02
1.212121212121211947e-02
1.818181818181818094e-02
2.525252525252524860e-02
1.414141414141414053e-02
8.080808080808080801e-03
1.414141414141414053e-02
8.080808080808080801e-03
8.080808080808080801e-03
2.020202020202020027e-02
9.090909090909090468e-03
2.020202020202020027e-02
8.080808080808080801e-03
1.212121212121211947e-02
1.515151515151515020e-02
1.818181818181818094e-02
2.020202020202020027e-02
1.515151515151515020e-02
1.212121212121211947e-02
1.313131313131313260e-02
1.616161616161616160e-02
1.717171717171717127e-02
1.717171717171717127e-02
1.818181818181818094e-02
1.212121212121211947e-02
1.515151515151515020e-02
1.616161616161616160e-02
1.616161616161616160e-02
8.080808080808080801e-03
8.080808080808080801e-03
1.818181818181818094e-02
1.313131313131313087e-02
1.010101010101010013e-02
1.717171717171717127e-02
1.111111111111110980e-02
1.313131313131313087e-02
1.111111111111110980e-02
1.010101010101010013e-02
1.111111111111110980e-02
1.515151515151515020e-02
1.515151515151515020e-02
1.616161616161616160e-02
1.313131313131313087e-02
1.616161616161616160e-02
2.222222222222221960e-02
7.070707070707070267e-03
2.020202020202020027e-02
8.080808080808080801e-03
1.414141414141414053e-02
1.818181818181818094e-02
9.090909090909090468e-03
1.313131313131313087e-02
1.111111111111110980e-02
1.212121212121211947e-02
1.919191919191919060e-02
1.515151515151515020e-02
1.414141414141414053e-02
7.070707070707070267e-03
1.212121212121211947e-02
1.111111111111110980e-02
8.080808080808080801e-03
1.313131313131313087e-02
1.010101010101010013e-02
1.111111111111110980e-02
7.070707070707070267e-03
1.313131313131313087e-02
1.010101010101010013e-02
2.121212121212120993e-02
1.313131313131313087e-02
1.414141414141414053e-02
1.414141414141414227e-02
6.060606060606059733e-03
1.717171717171717127e-02
1.212121212121211947e-02
1.414141414141414227e-02
8.080808080808080801e-03
1.515151515151515020e-02
1.313131313131313260e-02
6.060606060606060601e-03
1.010101010101010013e-02
8.080808080808080801e-03
1.111111111111110980e-02
1.414141414141414053e-02
1.414141414141414053e-02
1.717171717171717127e-02
1.313131313131313087e-02
1.313131313131313087e-02
9.090909090909090468e-03
1.515151515151515020e-02
1.515151515151515020e-02
1.818181818181818094e-02
1.313131313131313087e-02
1.717171717171717127e-02
1.212121212121211947e-02
1.919191919191919060e-02
1.010101010101010013e-02
8.080808080808080801e-03
7.070707070707070267e-03
1.111111111111110980e-02
1.616161616161616160e-02
8.080808080808080801e-03
8.080808080808080801e-03
1.111111111111110980e-02
1.010101010101010013e-02
1.616161616161616160e-02
1.515151515151515020e-02
1.212121212121211947e-02
9.090909090909090468e-03
1.515151515151515194e-02
1.212121212121211947e-02
2.020202020202020027e-02
1.515151515151515020e-02
1.010101010101010013e-02
9.090909090909090468e-03
1.919191919191919060e-02
1.010101010101010013e-02
1.010101010101010013e-02
1.717171717171717127e-02
1.212121212121211947e-02
1.313131313131313087e-02
1.818181818181818094e-02
1.616161616161616160e-02
1.414141414141414053e-02
6.060606060606060601e-03
1.717171717171717127e-02
8.080808080808080801e-03
1.616161616161616160e-02
1.515151515151515194e-02
1.717171717171717127e-02
1.313131313131313087e-02
1.111111111111110980e-02
1.212121212121212120e-02
1.010101010101010013e-02
1.616161616161616160e-02
1.313131313131313087e-02
1.414141414141414053e-02
1.313131313131313260e-02
1.111111111111110980e-02
9.090909090909090468e-03
1.414141414141414053e-02
1.212121212121211947e-02
1.414141414141414053e-02
1.414141414141414053e-02
1.212121212121211947e-02
1.313131313131313087e-02
1.212121212121211947e-02
1.717171717171717127e-02
9.090909090909092202e-03
1.010101010101010013e-02
1.616161616161616160e-02
1.818181818181818094e-02
1.212121212121211947e-02
2.222222222222221960e-02
1.212121212121211947e-02
1.717171717171717127e-02
1.313131313131313087e-02
1.515151515151515020e-02
1.717171717171717127e-02
7.070707070707070267e-03
1.313131313131313260e-02
1.111111111111110980e-02
1.818181818181818094e-02
1.515151515151515020e-02
1.616161616161616160e-02
1.010101010101010013e-02
1.414141414141414053e-02
1.313131313131313260e-02
1.313131313131313087e-02
1.717171717171717127e-02
1.212121212121211947e-02
1.212121212121211947e-02
1.111111111111110980e-02
1.212121212121211947e-02
9.090909090909090468e-03
1.717171717171717127e-02
1.717171717171717127e-02
1.616161616161616160e-02
1.717171717171717127e-02
1.212121212121211947e-02
1.414141414141414053e-02
1.212121212121211947e-02
1.414141414141414053e-02
1.414141414141414053e-02
1.212121212121211947e-02
1.515151515151515020e-02
1.212121212121211947e-02
1.313131313131313087e-02
1.515151515151515020e-02
1.515151515151515020e-02
2.323232323232322927e-02
1.111111111111110980e-02
1.212121212121211947e-02
1.414141414141414053e-02
1.212121212121211947e-02
6.060606060606060601e-03
1.414141414141414053e-02
1.111111111111110980e-02
9.090909090909090468e-03
1.111111111111110980e-02
6.060606060606059733e-03
1.010101010101010013e-02
1.111111111111110980e-02
1.212121212121211947e-02
8.080808080808080801e-03
1.212121212121211947e-02
1.010101010101010013e-02
7.070707070707070267e-03
1.111111111111110980e-02
9.090909090909090468e-03
1.515151515151515020e-02
7.070707070707070267e-03
1.010101010101010013e-02
1.212121212121211947e-02
1.111111111111110980e-02
6.060606060606059733e-03
1.010101010101010013e-02
1.212121212121211947e-02
1.010101010101010013e-02
1.313131313131313087e-02
6.060606060606059733e-03
1.212121212121211947e-02
1.111111111111110980e-02
1.313131313131313087e-02
8.080808080808080801e-03
1.212121212121211947e-02
9.090909090909090468e-03
8.080808080808080801e-03
6.060606060606059733e-03
1.010101010101010013e-02
1.111111111111110980e-02
1.212121212121211947e-02
5.050505050505050067e-03
9.090909090909090468e-03
1.010101010101010013e-02
1.010101010101010013e-02
1.515151515151515020e-02
1.414141414141414053e-02
1.515151515151515194e-02
8.080808080808080801e-03
9.090909090909090468e-03
1.010101010101010013e-02
1.313131313131313260e-02
9.090909090909090468e-03
8.080808080808080801e-03
1.010101010101010013e-02
9.090909090909090468e-03
1.111111111111110980e-02
9.090909090909090468e-03
1.111111111111110980e-02
6.060606060606059733e-03
9.090909090909090468e-03
1.111111111111110980e-02
1.212121212121211947e-02
8.080808080808080801e-03
1.212121212121211947e-02
8.080808080808080801e-03
6.060606060606059733e-03
1.010101010101010013e-02
7.070707070707070267e-03
9.090909090909090468e-03
8.080808080808080801e-03
9.090909090909090468e-03
1.111111111111110980e-02
9.090909090909090468e-03
9.090909090909090468e-03
9.090909090909090468e-03
1.010101010101010013e-02
5.050505050505050067e-03
8.080808080808080801e-03
7.070707070707071135e-03
6.060606060606060601e-03
1.010101010101010013e-02
9.090909090909090468e-03
8.080808080808080801e-03
1.212121212121211947e-02
8.080808080808080801e-03
1.111111111111110980e-02
8.080808080808080801e-03
9.090909090909090468e-03
9.090909090909090468e-03
9.090909090909090468e-03
1.010101010101010013e-02
8.080808080808080801e-03
6.060606060606060601e-03
5.050505050505050067e-03
1.515151515151515020e-02
1.111111111111110980e-02
6.060606060606060601e-03
1.313131313131313087e-02
9.090909090909090468e-03
1.111111111111110980e-02
8.080808080808080801e-03
7.070707070707070267e-03
3.030303030303030300e-03
4.040404040404040401e-03
1.010101010101010013e-02
8.080808080808080801e-03
6.060606060606059733e-03
1.414141414141414053e-02
7.070707070707070267e-03
4.040404040404040401e-03
5.050505050505050067e-03
7.070707070707070267e-03
1.616161616161616160e-02
1.010101010101010013e-02
8.080808080808080801e-03
1.010101010101010013e-02
1.212121212121211947e-02
1.010101010101010013e-02
6.060606060606059733e-03
8.080808080808080801e-03
7.070707070707070267e-03
6.060606060606060601e-03
1.212121212121211947e-02
5.050505050505050067e-03
8.080808080808080801e-03
7.070707070707070267e-03
8.080808080808080801e-03
1.212121212121211947e-02
5.050505050505050067e-03
5.050505050505050067e-03
8.080808080808080801e-03
6.060606060606060601e-03
6.060606060606059733e-03
4.040404040404040401e-03
4.040404040404040401e-03
1.111111111111110980e-02
8.080808080808080801e-03
6.060606060606059733e-03
4.040404040404040401e-03
1.212121212121211947e-02
8.080808080808080801e-03
7.070707070707070267e-03
8.080808080808080801e-03
4.040404040404040401e-03
1.010101010101010013e-02
8.080808080808080801e-03
1.212121212121211947e-02
1.212121212121211947e-02
6.060606060606059733e-03
1.313131313131313087e-02
1.010101010101010013e-02
8.080808080808080801e-03
1.010101010101010013e-02
9.090909090909090468e-03
1.010101010101010013e-02
9.090909090909090468e-03
7.070707070707070267e-03
8.080808080808080801e-03
7.070707070707070267e-03
3.030303030303030300e-03
8.080808080808080801e-03
7.070707070707071135e-03
1.212121212121211947e-02
6.060606060606059733e-03
4.040404040404040401e-03
7.070707070707070267e-03
1.010101010101010013e-02
3.030303030303030300e-03
4.040404040404040401e-03
7.070707070707071135e-03
1.212121212121211947e-02
8.080808080808080801e-03
1.212121212121211947e-02
9.090909090909090468e-03
4.040404040404040401e-03
6.060606060606060601e-03
5.050505050505050067e-03
7.070707070707070267e-03
1.111111111111110980e-02
7.070707070707070267e-03
6.060606060606059733e-03
1.414141414141414053e-02
8.080808080808080801e-03
9.090909090909090468e-03
9.090909090909090468e-03
7.070707070707071135e-03
5.050505050505050067e-03
9.090909090909090468e-03
1.010101010101010013e-02
8.080808080808080801e-03
5.050505050505050067e-03
8.080808080808080801e-03
1.010101010101010013e-02
6.060606060606059733e-03
7.070707070707070267e-03
6.060606060606059733e-03
4.040404040404040401e-03
9.090909090909090468e-03
5.050505050505050067e-03
8.080808080808080801e-03
5.050505050505050067e-03
1.212121212121211947e-02
5.050505050505050067e-03
7.070707070707070267e-03
7.070707070707070267e-03
8.080808080808080801e-03
6.060606060606060601e-03
7.070707070707071135e-03
6.060606060606060601e-03
6.060606060606059733e-03
9.090909090909090468e-03
7.070707070707070267e-03
1.212121212121211947e-02
6.060606060606059733e-03
1.212121212121212120e-02
4.040404040404040401e-03
8.080808080808080801e-03
1.010101010101010013e-02
1.515151515151515020e-02
9.090909090909090468e-03
1.212121212121211947e-02
1.010101010101010013e-02
2.020202020202020200e-03
3.030303030303030300e-03
5.050505050505050934e-03
1.212121212121211947e-02
0.000000000000000000e+00
2.020202020202020200e-03
5.050505050505050067e-03
6.060606060606059733e-03
6.060606060606060601e-03
9.090909090909090468e-03
4.040404040404040401e-03
5.050505050505050067e-03
7.070707070707070267e-03
3.030303030303030300e-03
3.030303030303030300e-03
1.212121212121211947e-02
1.010101010101010013e-02
6.060606060606059733e-03
4.040404040404040401e-03
9.090909090909090468e-03
7.070707070707071135e-03
6.060606060606059733e-03
8.080808080808080801e-03
8.080808080808080801e-03
7.070707070707071135e-03
7.070707070707071135e-03
5.050505050505050067e-03
6.060606060606059733e-03
1.010101010101010013e-02
4.040404040404040401e-03
6.060606060606059733e-03
6.060606060606059733e-03
1.515151515151515020e-02
1.212121212121212120e-02
5.050505050505050067e-03
7.070707070707071135e-03
9.090909090909090468e-03
1.010101010101010013e-02
7.070707070707071135e-03
8.080808080808080801e-03
7.070707070707070267e-03
1.111111111111110980e-02
9.090909090909090468e-03
5.050505050505050934e-03
6.060606060606059733e-03
4.040404040404040401e-03
9.090909090909090468e-03
1.010101010101010013e-02
4.040404040404040401e-03
7.070707070707070267e-03
8.080808080808080801e-03
8.080808080808080801e-03
7.070707070707070267e-03
8.080808080808080801e-03
5.050505050505050067e-03
9.090909090909090468e-03
3.030303030303030300e-03
1.414141414141414053e-02
5.050505050505050067e-03
4.040404040404040401e-03
1.313131313131313087e-02
1.313131313131313087e-02
1.111111111111110980e-02
7.070707070707071135e-03
1.111111111111110980e-02
1.515151515151515194e-02
1.010101010101010187e-02
1.414141414141414227e-02
8.080808080808080801e-03
8.080808080808080801e-03
5.050505050505050067e-03
8.080808080808080801e-03
1.515151515151515020e-02
3.030303030303030300e-03
9.090909090909090468e-03
3.030303030303030300e-03
9.090909090909090468e-03
1.717171717171717127e-02
1.212121212121211947e-02
1.212121212121211947e-02
6.060606060606059733e-03
8.080808080808080801e-03
6.060606060606059733e-03
1.111111111111110980e-02
9.090909090909090468e-03
6.060606060606060601e-03
1.010101010101010013e-02
7.070707070707071135e-03
1.111111111111110980e-02
9.090909090909090468e-03
1.010101010101010013e-02
5.050505050505050067e-03
5.050505050505050934e-03
0.000000000000000000e+00
0.000000000000000000e+00
0.000000000000000000e+00
0.000000000000000000e+00
0.000000000000000000e+00
0.000000000000000000e+00
0.000000000000000000e+00
0.000000000000000000e+00
0.000000000000000000e+00
0.000000000000000000e+00
0.000000000000000000e+00
0.000000000000000000e+00
0.000000000000000000e+00
0.000000000000000000e+00
0.000000000000000000e+00
0.000000000000000000e+00
0.000000000000000000e+00
0.000000000000000000e+00
0.000000000000000000e+00
0.000000000000000000e+00
