nan
nan
nan
nan
nan
nan
nan
nan
nan
nan
3.317460967241445502e+01
3.304002000790971039e+01
3.318792089107041932e+01
3.309756917531893805e+01
nan
nan
nan
nan
nan
nan
3.323233535591300836e+01
3.316452802555554769e+01
3.325209702971982750e+01
3.323892970677337644e+01
nan
nan
nan
nan
nan
nan
3.319929781165962623e+01
3.323884018444294242e+01
3.315248390428372716e+01
3.323582354861402166e+01
nan
nan
nan
nan
nan
nan
3.346631340829895862e+01
3.329251837634979694e+01
3.354081758103671973e+01
3.330021513146214573e+01
nan
nan
nan
nan
nan
nan
3.329279944824165227e+01
3.343724105535031299e+01
3.327164958708806353e+01
3.334910814023085379e+01
nan
nan
nan
nan
nan
nan
3.336069726007451663e+01
3.344052855962731741e+01
3.325468607904365825e+01
3.348905006099560921e+01
nan
nan
nan
nan
nan
nan
3.350146460413421323e+01
3.335077740973005689e+01
3.344237888046836815e+01
3.323005072345846855e+01
nan
nan
3.303082829773828166e+01
3.289855630566494682e+01
nan
nan
3.358384998875305882e+01
3.348810073068217719e+01
3.344915251714152049e+01
3.350987318500268941e+01
3.318654331371330812e+01
3.309665583525313082e+01
3.312158630353291500e+01
3.309922489863940598e+01
nan
nan
3.366169754265697378e+01
3.362037232001624432e+01
3.349701778555530751e+01
3.345058864815880639e+01
3.335690840963263781e+01
3.317179488919506980e+01
3.313504732112636475e+01
3.312355164073336056e+01
nan
nan
3.339474812174888285e+01
3.357588255081962814e+01
3.336835144005777920e+01
3.351760384490029310e+01
3.326179062387748075e+01
3.322121712286681117e+01
3.313750124397560626e+01
3.321383384524743576e+01
nan
nan
3.355383361646607199e+01
3.358453406416699494e+01
3.352442103421074648e+01
3.365046616061297158e+01
3.320423996674045242e+01
3.332585850587130949e+01
3.328864973353496737e+01
3.327560961936653428e+01
nan
nan
3.339539769633744015e+01
3.374736772903143134e+01
3.360245275572214041e+01
3.345903433795142945e+01
3.335153360057105942e+01
3.318721264221981926e+01
3.328508714577867522e+01
3.303986826977386215e+01
nan
nan
3.356174434148507402e+01
3.353089035919503402e+01
3.367027140997431189e+01
3.353677607181503362e+01
3.347802628464663854e+01
3.324463232402282387e+01
3.324135384581134645e+01
3.316478830022920476e+01
3.293885305676547404e+01
3.290188668089655977e+01
3.358311125074701664e+01
3.350203449859542815e+01
3.370964979631277458e+01
3.352013669646364491e+01
3.347781019526035351e+01
3.338949160516614967e+01
3.331520866165427464e+01
3.317623719452144826e+01
3.296157858224304249e+01
3.292899662399113936e+01
3.347062156393108268e+01
3.353832575894501389e+01
3.347308788539917401e+01
3.373208642846481098e+01
3.333691073925834303e+01
3.341161045238926164e+01
3.327509246021531908e+01
3.331718223918569777e+01
3.293414468378092863e+01
3.295482328362457025e+01
3.359678806850274668e+01
3.368442530609706864e+01
3.396450510038878434e+01
3.365293467982914422e+01
3.343407287529716854e+01
3.345821462579532124e+01
3.325965761071101667e+01
3.334770271946933207e+01
3.296611183631318198e+01
3.298549525492428813e+01
3.324410376830149261e+01
3.358203086083745603e+01
3.367778106469992139e+01
3.356424948206705494e+01
3.338244591886672197e+01
3.354857753079994609e+01
3.328931613338911433e+01
3.339225513842994530e+01
3.307664168430052598e+01
3.323736890922791787e+01
3.366202639393970486e+01
3.377836323566059917e+01
3.357776535637653126e+01
3.379529791740754519e+01
3.342787875742843795e+01
3.347924393415802058e+01
3.331277495943999156e+01
3.320436828688280428e+01
3.309820403821113644e+01
3.302996016565639081e+01
3.364491632443723290e+01
3.349156707532841182e+01
3.379824322506900103e+01
3.361925836002723855e+01
3.354952082731226426e+01
3.334976931627833352e+01
3.353549698197281970e+01
3.332246362389248873e+01
3.323321148146697368e+01
3.301297522821089103e+01
3.359655702786020015e+01
3.361370260969454904e+01
3.361455933121340678e+01
3.355875263645221906e+01
3.345328191127340745e+01
3.350429587546769028e+01
3.324537791289855448e+01
3.336724196047599378e+01
3.324829287722311477e+01
3.299181986349091034e+01
3.365529183406958680e+01
3.343657545968842015e+01
3.360630916509843047e+01
3.352828938116961410e+01
3.361119254993590033e+01
3.334670936073168690e+01
3.357881004249848189e+01
3.325941731048636285e+01
3.336354691499538916e+01
3.318945114323202006e+01
3.355669622219197379e+01
3.377857739884475308e+01
3.367705243763042233e+01
3.347528414788536111e+01
3.352436441718195681e+01
3.337183427349784637e+01
3.325655939853409393e+01
3.332393912255842139e+01
3.318520101334080152e+01
3.308514286837493046e+01
3.359014186595982920e+01
3.378033833642486172e+01
3.364484375897389867e+01
3.372124773833859734e+01
3.376612938606700709e+01
3.351555633008326396e+01
3.353764404836591950e+01
3.359886030636577203e+01
3.327955548439555855e+01
3.322136064838607439e+01
3.378926602853564987e+01
3.379020803035881215e+01
3.368713528362528109e+01
3.363179523825443340e+01
3.350658069625521307e+01
3.336811228204170021e+01
3.336865009306401220e+01
3.347241676166443369e+01
3.320737946156915399e+01
3.301274322533282657e+01
3.364503943041747647e+01
3.410903755942801041e+01
3.353875805438160995e+01
3.373928043439624958e+01
3.344352624889181413e+01
3.328662732912148670e+01
3.354058006981529871e+01
3.314230057901686166e+01
3.334796667254149583e+01
3.303603855713885196e+01
3.425981521367562266e+01
3.424401256112483338e+01
3.375894228431870658e+01
3.382490706507109479e+01
3.371532305473889579e+01
3.357829733490692803e+01
3.357736269255673989e+01
3.363655439674113978e+01
3.321312083003957838e+01
3.318035262359925497e+01
3.322898886719786304e+01
3.380478652043228749e+01
3.351335475832316035e+01
3.372437592429056252e+01
3.365990173220779980e+01
3.362310647071632985e+01
3.335648784046382076e+01
3.353546485936886512e+01
3.314309188983532550e+01
3.317270118812716362e+01
3.377044846775596909e+01
3.358361302457296915e+01
3.336513742717854569e+01
3.366308229204037161e+01
3.377216916237520650e+01
3.353883702308795733e+01
3.339606238609967903e+01
3.360580452755141323e+01
3.318421476746235754e+01
3.353630917942302148e+01
3.356150712061415220e+01
3.401899528656581140e+01
3.367043512121887971e+01
3.359216042480078102e+01
3.365098965146820831e+01
3.355359637930702377e+01
3.352926947572971272e+01
3.344730449225007618e+01
3.327136333417825398e+01
3.294439991340868090e+01
3.360358098933009785e+01
3.372114818883809306e+01
3.372822055001290664e+01
3.392678667079503896e+01
3.369690577161462386e+01
3.328858696266817674e+01
3.355336204913358955e+01
3.347673349677673826e+01
3.339097788404743739e+01
3.306889621684649683e+01
3.389716315673428682e+01
3.382998982305021940e+01
3.397795886065941318e+01
3.377131761717465963e+01
3.378407683817253826e+01
3.342092006841299678e+01
3.359680194608614556e+01
3.329902524172776168e+01
3.335848788567746226e+01
3.327782050302516836e+01
3.403191391308869385e+01
3.365376354991012420e+01
3.354454982216326897e+01
3.371124446974222622e+01
3.342796094138273588e+01
3.320634301021438262e+01
3.361106208774415904e+01
3.340790063554091915e+01
3.318521935545394541e+01
3.324392303818971328e+01
3.371564826116789959e+01
3.395787430411027685e+01
3.377828502915217967e+01
3.393580489821086132e+01
3.359569783878836091e+01
3.329913405808863303e+01
3.351756663558499127e+01
3.369896501397855815e+01
3.332225862442446385e+01
3.337913865424299331e+01
3.363649234368752161e+01
3.417547157222075782e+01
3.362197242918060880e+01
3.390502445976863299e+01
3.346254577698682908e+01
3.351697240001264788e+01
3.369810059117590839e+01
3.373610591553246252e+01
3.361746730751817580e+01
3.331984947494851923e+01
3.363520010113960268e+01
3.359024832772006164e+01
3.359740707526893289e+01
3.353575644150894419e+01
3.374881895949683042e+01
3.383699647682416156e+01
3.339753394060918623e+01
3.334828599898985857e+01
3.339942860691001414e+01
3.325429146492187016e+01
3.365591424565818812e+01
3.382778339543072832e+01
3.350054000065922111e+01
3.447644304242106728e+01
3.374221390035805967e+01
3.346395632484623661e+01
3.340015576787408946e+01
3.343637041688364064e+01
3.311179574509998957e+01
3.337323074097204056e+01
3.307613075383984125e+01
3.388505690263959735e+01
3.376733517938810536e+01
3.397798347378054018e+01
3.346118436342425895e+01
3.317784397182325051e+01
3.336427425647794820e+01
3.368682939779860419e+01
3.355792134307520058e+01
3.301647686576772855e+01
3.381336537206971826e+01
3.401684007190337411e+01
3.384836524588128270e+01
3.389569584630194043e+01
3.360961497600589354e+01
3.356034355314614714e+01
3.366759353511573494e+01
3.340952512668861374e+01
3.311234892314841005e+01
3.340501235248243006e+01
3.418457410008021924e+01
3.328324166544970097e+01
3.399540373104506585e+01
3.389159011589669035e+01
3.347169295701194613e+01
3.378421645228241488e+01
3.360924340798617749e+01
3.309863876714425857e+01
3.357655136822684483e+01
3.319325352654789185e+01
3.386979326260073719e+01
3.445452707368933432e+01
3.405038233937665382e+01
3.399401427966136424e+01
3.397171431780196116e+01
3.341358349529247107e+01
3.394100691928658620e+01
3.375290637538771676e+01
3.299245337211482365e+01
3.321980889626634337e+01
3.390214127960683044e+01
3.374657765400664289e+01
3.385625613085090890e+01
3.412385970121074052e+01
3.376626151203838333e+01
3.361410271568641406e+01
3.378706872766920100e+01
3.350804861395839396e+01
3.330173358356463353e+01
3.327146814998417312e+01
3.338025903138229467e+01
3.332231576281655094e+01
3.308251075557704723e+01
3.399079686331300820e+01
3.415779423873176057e+01
3.339196991743313703e+01
3.338916570543838702e+01
3.353990238623564579e+01
3.344890949837982674e+01
3.366659606124267867e+01
3.348875349894724707e+01
3.355397820114349372e+01
3.451425365817786428e+01
3.327202698836712358e+01
3.405947394821242113e+01
3.369079528172163407e+01
3.321946286416193317e+01
3.366816223064751057e+01
3.332082834527680859e+01
3.357663164145984069e+01
3.396602212908024399e+01
3.444093443913455843e+01
3.333330277725089275e+01
3.372354473161435351e+01
3.423768146236276522e+01
3.302604429284355803e+01
3.393685248312584690e+01
3.307286659990813860e+01
3.347161709801647334e+01
3.348285717872575873e+01
3.337715830208232148e+01
3.390167061059301545e+01
3.407275917057508963e+01
3.370140653082224702e+01
3.299777718331691290e+01
3.347446959764145191e+01
3.331177519219666294e+01
3.362965414000222353e+01
3.345745651389285058e+01
3.295129067607398810e+01
3.382236840064066286e+01
3.399228360294314655e+01
3.304497127423444169e+01
3.404089397538117368e+01
3.395460251096585580e+01
3.407482014644364909e+01
3.339475192632468037e+01
3.341544164922139970e+01
3.349829870500073525e+01
3.302856122192066124e+01
3.426337460438389826e+01
3.385794534815772749e+01
3.415776588991266038e+01
3.415029559596874975e+01
3.360770199186119100e+01
3.392188940112996676e+01
3.414201978790897840e+01
3.387859457092248761e+01
3.331809157726958404e+01
3.350258479019068147e+01
3.356791116399784869e+01
3.360080406848012302e+01
3.477837694226624166e+01
3.273852421505834798e+01
3.463681149340375498e+01
3.352210918499960002e+01
3.337174069205139659e+01
3.336914307804164537e+01
3.305766688442488288e+01
3.287635389364275085e+01
3.466774331643375007e+01
3.467560883897979807e+01
3.403609624441493509e+01
3.388451915700355244e+01
3.300044959277612122e+01
3.357711623234595777e+01
3.365613925205764900e+01
3.359410738036502408e+01
3.353926243435217458e+01
3.343332023964475752e+01
3.441458556499971877e+01
3.376158731589251971e+01
3.378336966951982845e+01
3.397902244340218658e+01
3.418452961958372782e+01
3.356952304122970787e+01
3.379261855816578475e+01
3.383366871089992856e+01
3.340597017569542970e+01
3.351857195624816654e+01
3.397184092726568139e+01
3.458839719696823778e+01
3.272776813665173989e+01
3.371646814065306330e+01
3.395997870915734751e+01
3.460925566848444390e+01
3.404135253022565877e+01
3.317003868333866734e+01
3.345717269628821100e+01
3.310271015232144975e+01
3.348176435528327488e+01
3.465084131002923584e+01
3.363735225458609790e+01
3.500516727038727538e+01
3.353501644580858709e+01
3.352252059700338549e+01
3.344706130905172614e+01
3.396955987911714203e+01
3.396531665468805983e+01
3.343266740987392183e+01
3.340325838085482246e+01
3.355164382022387315e+01
3.359040666041708789e+01
3.432629452892142297e+01
3.383264914210023733e+01
3.337306235951179900e+01
3.355220523382276099e+01
3.256243215658227541e+01
3.319943647400494058e+01
3.356303179426408434e+01
3.471570888959922030e+01
3.462077896847341663e+01
3.521546619790887434e+01
3.286990539791181476e+01
3.335278711752440017e+01
3.340294302342810795e+01
3.402944262592220781e+01
3.346266581930061079e+01
3.380326630091822437e+01
3.368147393983421267e+01
3.348875882660097147e+01
3.282375172527064677e+01
3.243394676819162470e+01
3.446102112775235327e+01
3.384803338022801711e+01
3.338594666885526863e+01
3.326442862912558951e+01
3.344954017548719349e+01
3.295273700655749849e+01
3.347946432741570533e+01
3.450524185967564961e+01
3.323868359459599020e+01
3.324378651064955648e+01
3.457915985711343865e+01
3.369485460025901347e+01
3.483800677074266616e+01
3.509474918904446383e+01
3.405949275572331203e+01
3.405560087043360795e+01
3.354755099780120986e+01
3.361112868427523637e+01
3.309331730673634553e+01
3.389553432009764578e+01
3.493019815603393852e+01
3.358337385339492442e+01
3.353132884561067328e+01
3.349871037046951017e+01
3.449384707487369184e+01
3.456115481045877402e+01
3.353221416985716985e+01
3.408969668845060852e+01
3.490585433639206059e+01
3.533179721579107024e+01
3.339932506994773576e+01
3.409698384445495378e+01
3.452834830533571875e+01
3.403131146386761685e+01
3.383694248079056877e+01
3.360743141714697657e+01
3.376262532504188130e+01
3.483322285113062122e+01
3.295908962824141497e+01
3.544271587139594715e+01
3.405361223502873713e+01
3.535269163675070558e+01
3.413143496567195001e+01
3.469190202951581625e+01
3.432653220545677186e+01
3.418721768275509731e+01
3.344293309721665253e+01
3.354507411324725297e+01
3.516022253370834960e+01
3.460452775987848639e+01
3.373443400228086375e+01
3.493169260939060194e+01
3.550001908666119022e+01
3.474247887850073369e+01
3.389766408458034874e+01
3.361772889462683622e+01
3.434521480358046830e+01
3.417793018401790306e+01
3.424441382209380436e+01
3.400839928405942914e+01
3.625516761982594005e+01
3.368652345877137577e+01
3.518059735613722694e+01
3.405537997031730413e+01
3.414110143935944564e+01
3.378331897799536421e+01
3.452172375966710405e+01
3.297984306283527189e+01
3.482256725517899554e+01
3.363567841791922319e+01
3.328454243616128849e+01
3.416161040561107853e+01
3.402217969402966702e+01
3.400281306096809431e+01
3.460387684025444344e+01
3.431767841992834889e+01
3.421335733487126163e+01
3.589020381895242195e+01
3.452054348931331162e+01
3.314917588173537411e+01
3.247947119872136312e+01
3.509221683983938789e+01
3.513477152415058669e+01
3.387517716020742853e+01
3.399155856705338152e+01
3.496078534808816585e+01
3.289871795099988816e+01
3.172775083587572453e+01
3.601165746825952851e+01
3.555141244800353917e+01
3.385853923039328350e+01
3.335164904228077631e+01
3.466680361381432363e+01
3.523984593815871591e+01
3.402503453989954352e+01
3.415030213853343355e+01
3.360834956529296136e+01
3.222837869122594157e+01
3.650787148061661469e+01
3.499391121304761043e+01
3.388236008279609024e+01
3.420642192137341908e+01
3.519244918993241811e+01
3.536124813407909073e+01
3.627712123076373274e+01
3.506923690054892973e+01
3.381976371028372341e+01
3.556225923639901509e+01
3.451745060670136667e+01
3.517985787225158845e+01
3.724253079898435459e+01
3.452870536903125753e+01
3.423801128150906692e+01
3.510135721543952769e+01
3.485329609228531211e+01
3.527556740366171084e+01
3.346605095134972174e+01
3.248231851201042986e+01
3.383920672488714843e+01
3.829633712601043527e+01
3.670005560530933053e+01
3.420380725630990071e+01
3.582839547009567127e+01
3.373823706746602369e+01
3.313020094417159811e+01
3.390287898220186236e+01
3.554700900826098575e+01
3.332952316654914426e+01
3.549043416910970450e+01
3.561658421170405830e+01
3.240025628516685430e+01
3.299482402654090407e+01
3.483696483286793466e+01
3.464784910745642321e+01
3.409669540794029530e+01
3.551261053875299467e+01
3.470832140670199095e+01
3.379697228288681998e+01
3.358194792941097262e+01
3.627616450398495118e+01
3.315037184893076727e+01
3.321046063168533635e+01
3.591971397770331009e+01
3.374189945291112025e+01
3.410004854266143326e+01
3.363714081005518608e+01
3.508215281137441366e+01
3.722741727240047283e+01
3.744367346729496404e+01
3.201840354303661940e+01
3.318399238916135374e+01
3.460598840336285775e+01
3.564782612051376987e+01
3.407210087026290779e+01
3.455831480436181380e+01
3.694060555613223329e+01
3.427611453615983805e+01
3.237300437868127290e+01
3.534897973969135165e+01
3.410399658362666742e+01
3.437934451627847920e+01
3.449546100287088279e+01
3.474688788588428423e+01
3.492932129979769229e+01
3.371419490831160459e+01
3.547011626855866950e+01
3.469294979086166819e+01
3.348671604499711663e+01
3.191707201387415793e+01
3.670071756177492261e+01
3.213202871649677661e+01
3.487201226842267943e+01
3.534974656653695746e+01
3.293892482215735384e+01
3.451123650776640517e+01
3.472733582719818202e+01
3.503512604674469344e+01
3.523490660545809305e+01
3.424246389856725159e+01
3.261720364725547938e+01
3.271025372253824059e+01
3.384021653893114490e+01
3.455336008563092776e+01
3.310676221371645056e+01
3.674376650585365667e+01
3.485270602032517218e+01
3.369834703648768226e+01
3.676477624017388024e+01
3.734717378122865483e+01
3.345689626033568231e+01
3.413138600299098613e+01
3.523141148981260073e+01
3.457257357958123123e+01
3.282394361698651153e+01
3.491016701821536117e+01
3.316956666561874556e+01
3.449895108983927372e+01
3.892268945789000867e+01
3.369928044750906793e+01
3.364048876923023812e+01
4.111908247211630396e+01
3.403066876877588953e+01
3.524689698437678231e+01
3.518494456816682714e+01
3.717722423897104278e+01
3.628039173069046797e+01
3.617798669671711309e+01
3.853725675091241243e+01
3.227796908519220409e+01
3.580265016076835138e+01
3.475013620571222361e+01
3.440638111798615739e+01
3.601251815482726926e+01
3.378399763639463060e+01
3.472929364224089710e+01
3.551658736289654428e+01
3.557933256772790287e+01
2.971478708901998544e+01
3.308810526688915843e+01
3.511428778433477760e+01
3.771327672563691635e+01
3.485425950642689941e+01
3.586681315526698199e+01
3.599626830307918368e+01
3.603687989809994718e+01
3.752255079873025068e+01
3.430589739159964324e+01
3.680849992051097530e+01
3.693069226049583875e+01
3.618679230868602303e+01
3.328288237437536878e+01
4.053553054239177555e+01
3.810513494060037942e+01
3.542880636157883600e+01
3.688885287474541741e+01
3.440783237804053840e+01
3.632738137096448128e+01
3.585134112021255248e+01
3.193823571237367887e+01
3.414367459292080298e+01
3.161445224068980409e+01
3.838904584206924397e+01
3.986267809085772029e+01
3.648488900423903658e+01
3.430951367898673254e+01
3.518346100893797512e+01
3.782779955806214645e+01
3.331119507030449256e+01
3.592817880236010808e+01
3.451615910766615514e+01
3.554735596335834913e+01
3.532709351860521707e+01
3.392952851443556739e+01
3.581215419481527107e+01
3.740952421641205206e+01
3.585987082549914362e+01
3.682311939863691919e+01
4.026352921163016418e+01
3.320603723519789696e+01
3.691519187165062732e+01
2.927827738586520212e+01
3.619012449840735002e+01
3.664530288798198399e+01
3.641559342403402155e+01
3.622997130804732535e+01
3.489719818865006573e+01
3.676916950782877791e+01
3.771168542167687576e+01
3.601826619383577821e+01
3.544367565677026732e+01
3.698606070189588024e+01
4.040977985446546938e+01
3.522858962550131423e+01
3.750230031182665869e+01
4.135275345576120287e+01
4.014183625672775690e+01
3.462036638819851220e+01
