6.924925094991294383e-01
6.754533738035816137e-01
6.953592456674755340e-01
6.709347288313266544e-01
1.324824647072073702e+00
1.312128966496702631e+00
1.288263919738727337e+00
1.286720463364953160e+00
2.130615547553934341e+00
2.154545054798369108e+00
6.259060587065519154e-01
6.143750505933239792e-01
6.284971445477240959e-01
6.102650071156970890e-01
1.197436451588394624e+00
1.193478826875766785e+00
1.164391212203478965e+00
1.162996166506315321e+00
1.925746721726902866e+00
1.947375292954319548e+00
5.657222120841756130e-01
5.552999652843021439e-01
5.680641526891238025e-01
5.515851220493122042e-01
1.082297237420433156e+00
1.078720157160731441e+00
1.052429455085304166e+00
1.051168549671816832e+00
1.740577008601800424e+00
1.760125889761825935e+00
5.145664025834784105e-01
5.019052306029593291e-01
5.166965716424458677e-01
4.985475872262721819e-01
9.844297856606064601e-01
9.749960797469601204e-01
9.572628175249329185e-01
9.500936904534073024e-01
1.583184168138116465e+00
1.590881407923116608e+00
4.621589646895890025e-01
4.536446538001090434e-01
4.640721807914631181e-01
4.506098638152116753e-01
8.897721762533236101e-01
8.812455660641710375e-01
8.652174414084591314e-01
8.587376600272128568e-01
1.430953475009659970e+00
1.437910588553362290e+00
4.203679311192432544e-01
4.100245611590712103e-01
4.221081433751474599e-01
4.072815806756820423e-01
8.042163465252171184e-01
7.965096104892134266e-01
7.820226663070012352e-01
7.761659467468871032e-01
1.293360487586424412e+00
1.299648641549652206e+00
3.799475537486713406e-01
3.705987480407257340e-01
3.815204363134137022e-01
3.681195181863713417e-01
7.268871170390818204e-01
7.199214203541087764e-01
7.068274648074288624e-01
7.015338967088053934e-01
1.168997720794871187e+00
1.174681238825283858e+00
3.434137880480938043e-01
3.370871083154193815e-01
3.448354304679059901e-01
3.348320644792708856e-01
6.569934610261251029e-01
6.548220442850171130e-01
6.388626398329554368e-01
6.380972247667503483e-01
1.056593025950383735e+00
1.068459901932738543e+00
3.103929178066290318e-01
3.046745784428703807e-01
3.116778625412924275e-01
3.026363678047291894e-01
5.938204127063635429e-01
5.918577880200414087e-01
5.774329562668161220e-01
5.767411395023148701e-01
9.549965775193205442e-01
9.657223968940994441e-01
2.805471614058203667e-01
2.753786675890346203e-01
2.817085525883915031e-01
2.735364406048677588e-01
5.367217536625286112e-01
5.349478446811527510e-01
5.219100291577809525e-01
5.212847338679745812e-01
8.631691111658374993e-01
8.728635919568601409e-01
2.551784966472549487e-01
2.488996980013268301e-01
2.562348682551615076e-01
2.472346099099961281e-01
4.881883300161630190e-01
4.835100632642522211e-01
4.747159656089270929e-01
4.711607255870365885e-01
7.851164668211684239e-01
7.889336030873689287e-01
2.306418696408255864e-01
2.249668073694266746e-01
2.315966660906999264e-01
2.234618254232712820e-01
4.412466984920276891e-01
4.370182693551057929e-01
4.290697660459418250e-01
4.258563792737630194e-01
7.096237816768304896e-01
7.130738821229010149e-01
2.084645561061927443e-01
2.033351780833536071e-01
2.093275443329391527e-01
2.032551403615046326e-01
3.988187282634723108e-01
3.975005999797203149e-01
3.878126658297020857e-01
3.873480312763826761e-01
6.413900775259462339e-01
6.485936992794280043e-01
1.884196968235971326e-01
1.849484585721977437e-01
1.891997046248420911e-01
1.837111911976230250e-01
3.604704093135941978e-01
3.592790253381205612e-01
3.505226321675543044e-01
3.501026744380225098e-01
5.797173687959714661e-01
5.862283280313221878e-01
1.703022461670242460e-01
1.671647839952870584e-01
1.710072525056352821e-01
1.660464857677056982e-01
3.258094637543410554e-01
3.247326370186493505e-01
3.168182127285754657e-01
3.164386359335792376e-01
5.239747845493126777e-01
5.298596840644640427e-01
1.549025516237156341e-01
1.510910943725576328e-01
1.555438072925025839e-01
1.500803258422376829e-01
2.963479250250442010e-01
2.935080483639276316e-01
2.881697138885072618e-01
2.860115549595169115e-01
4.765940141128404695e-01
4.789111535085915916e-01
1.391260729942002117e-01
1.365629665117786828e-01
1.397020182065186744e-01
1.356493881865275808e-01
2.678526615290751645e-01
2.652858525256711064e-01
2.604608243185292382e-01
2.585101826425872384e-01
4.307672312473984633e-01
4.328615666615349133e-01
1.265455047671700528e-01
1.234317872932453736e-01
1.270693697483523399e-01
1.226060538722567872e-01
2.420973532449945120e-01
2.397773551443145301e-01
2.354162763646113210e-01
2.336531981701328031e-01
3.893469116727418800e-01
3.912398667685592635e-01
1.143775521747360524e-01
1.115632334560548306e-01
1.148510450445771047e-01
1.108168982336752845e-01
2.188185404380216803e-01
2.180953273922939806e-01
2.127798808991037682e-01
2.125249514096158310e-01
3.519093529703518630e-01
3.558617400732040914e-01
1.033796061389484627e-01
1.014750534340362192e-01
1.038075704157061380e-01
1.007962060734449855e-01
1.977780962808443899e-01
1.971244236116858617e-01
1.923200825983446549e-01
1.920896657926396689e-01
3.180715937259139259e-01
3.216439399969488466e-01
9.343916496059405385e-02
9.171774406321459017e-02
9.382597843519223380e-02
9.110417110740265390e-02
1.787607909739908629e-01
1.781699720432083078e-01
1.738275912851584837e-01
1.736193301520194410e-01
2.874874960878529562e-01
2.907163442619013494e-01
8.445454451430463305e-02
8.289864642952513019e-02
8.480416403223337007e-02
8.234407143379127159e-02
1.615720900876213839e-01
1.610380812091097569e-01
1.571132410290478343e-01
1.569250051951049107e-01
2.598442050065083997e-01
2.627625840605176122e-01
7.681768582578794857e-02
7.492754700890705277e-02
7.713569076490951748e-02
7.442629703858169576e-02
1.469618257483417123e-01
1.455535032200752643e-01
1.429061710988977218e-01
1.418359190415137971e-01
2.363476189308052200e-01
2.374967109518956454e-01
6.943129971030759240e-02
6.772290673702061059e-02
6.971872696094859323e-02
6.726985433710364060e-02
1.328307467195488090e-01
1.315578411054613983e-01
1.291650625680415831e-01
1.281977203399729537e-01
2.136216704447173598e-01
2.146602717987335929e-01
6.275514977625415436e-02
6.121102691865757534e-02
6.301493952870028392e-02
6.080153766335186227e-02
1.200584381980027288e-01
1.196616353101821184e-01
1.167452270249426105e-01
1.166053557128624990e-01
1.930809300725453703e-01
1.952494731117800919e-01
5.672094343432601549e-02
5.567597885883884823e-02
5.695575316557278250e-02
5.530351794339594812e-02
1.085142479321944409e-01
1.081555995306704709e-01
1.055196177830647342e-01
1.053931957633759825e-01
1.745152796533666062e-01
1.764753069579286515e-01
5.126695475272993741e-02
5.032246849481469830e-02
5.147918641071119739e-02
4.998582146916571295e-02
9.808008650645305693e-02
9.775592385576735432e-02
9.537340429947693821e-02
9.525913835870257473e-02
1.587346187385002272e-01
1.595063662377489422e-01
4.663110607118426537e-02
4.548372363298999049e-02
4.682414653950778272e-02
4.517944682117051164e-02
8.921112906769254614e-02
8.835622649555613384e-02
8.674920041007566640e-02
8.609951880779528888e-02
1.434715296296309450e-01
1.441690699335987091e-01
4.214730327589023828e-02
4.111024712023777367e-02
4.232178198438431987e-02
4.083522797211808220e-02
8.063305439636833660e-02
7.986035477555798734e-02
7.840785189703705638e-02
7.782064027305631015e-02
1.296760591851506272e-01
1.303065276688620544e-01
3.809463946058086470e-02
3.715730119029212603e-02
3.825234121080012262e-02
3.714267516362345506e-02
7.287980243310540618e-02
7.263892876771960161e-02
7.086856374521285917e-02
7.078365681369301610e-02
1.172070888851646508e-01
1.185234727282266365e-01
3.443165856027098626e-02
3.379732737160852374e-02
3.457419653660560172e-02
3.357123016145853456e-02
6.587206254867732091e-02
6.565435003268650649e-02
6.405421403336634956e-02
6.397747130743723643e-02
1.059370694271373897e-01
1.071268766981963855e-01
3.112089070793916043e-02
3.054755348224477349e-02
3.124972297942194693e-02
3.034319659498851615e-02
5.953815020834665045e-02
5.934137178699814413e-02
5.789509648005895792e-02
5.782573293249444052e-02
9.575071598105897031e-02
9.682611761996993971e-02
2.830676334553240692e-02
2.761026082004640336e-02
2.842394587267648917e-02
2.742555382016186732e-02
5.415437314422652526e-02
5.363541644703795352e-02
5.265989364853621013e-02
5.226551348226642774e-02
8.709239343042593506e-02
8.751582555485901138e-02
2.558493332029831979e-02
2.495540282772820348e-02
2.569084818971267142e-02
2.478845628501849530e-02
4.894717241193406038e-02
4.847811587121910598e-02
4.759639423291541632e-02
4.723993559673391601e-02
7.871804527501075066e-02
7.910076238530175385e-02
2.312482020687905981e-02
2.255582206749824278e-02
2.322055085748422551e-02
2.240492822947290699e-02
4.424066881437106052e-02
4.381671429257881500e-02
4.301977438646186619e-02
4.269759094475843869e-02
7.114893055349047479e-02
7.194802302752603684e-02
2.090125867852942951e-02
2.051619676700734349e-02
2.098778437143697384e-02
2.037894760523471099e-02
3.998671793890308523e-02
3.985455858891676084e-02
3.888321832123622229e-02
3.883663271852609566e-02
6.430762223858736693e-02
6.502987816786440223e-02
1.889150317444828267e-02
1.842666798610073653e-02
1.896970901015297695e-02
1.830339734466187446e-02
3.614180468731969381e-02
3.602235308786338325e-02
3.514441181013518850e-02
3.510230563485559896e-02
5.812413828022006818e-02
5.877694586423020534e-02
1.707499522776586079e-02
1.676042420585951986e-02
1.714568120013713198e-02
1.664830039464187256e-02
3.266659814521891830e-02
3.255863238559508765e-02
3.176510934039116635e-02
3.172705187427427020e-02
5.253522573551085151e-02
5.312526276319953084e-02
1.543315316605247192e-02
1.514882964514232232e-02
1.549704234574157159e-02
1.504748707204049338e-02
2.952554925281892020e-02
2.942796491485939747e-02
2.871074288732346907e-02
2.867634482771296012e-02
4.748371373309989013e-02
4.801701589222164002e-02
1.394918203312434969e-02
1.369219757202286974e-02
1.400692796409784037e-02
1.360059956967735705e-02
2.668652716163610536e-02
2.659832602223619405e-02
2.595006830635528117e-02
2.591897778389817830e-02
4.291792865302045817e-02
4.339995127122468072e-02
1.260790178777244572e-02
1.237562760575539565e-02
1.266009517263390338e-02
1.229283718730748466e-02
2.412049055719930196e-02
2.404077037715697182e-02
2.345484572612125881e-02
2.342674470537761677e-02
3.903704624211069840e-02
3.922683938902994660e-02
1.146782383381928470e-02
1.118565210812304603e-02
1.151529759693681841e-02
1.111082238246020870e-02
2.193937906175061694e-02
2.172913588035635044e-02
2.133392560984487610e-02
2.117415169945012846e-02
3.528344844425445465e-02
3.545499207675333053e-02
1.036513798966356460e-02
1.011009841842445273e-02
1.040804692450007438e-02
1.004246392704547484e-02
1.982980334175967266e-02
1.963977604293503515e-02
1.928256712098568026e-02
1.913815623253919268e-02
3.189077694037768806e-02
3.204582583612854141e-02
9.368480637793859603e-03
9.195886005196343693e-03
9.407263674315420252e-03
9.134367407948361731e-03
1.792307336803389967e-02
1.786383615507492958e-02
1.742845651452618744e-02
1.740757565162205991e-02
2.882432694944072130e-02
2.914806059596578708e-02
8.467656634021065304e-03
8.311657796833417031e-03
8.502710496988391542e-03
8.256054505516249170e-03
1.619968455660033418e-02
1.614614328361425877e-02
1.575262746774783520e-02
1.573375439919700441e-02
2.605273072028249995e-02
2.634533583584360711e-02
7.653451145794922493e-03
7.512452339298735134e-03
7.733847211912362081e-03
7.462195569092490606e-03
1.473481724284259921e-02
1.459361475731741839e-02
1.432818559033458700e-02
1.422087902695307222e-02
2.369689511540186422e-02
2.381210640132431014e-02
6.961382705712311839e-03
6.790094290423800451e-03
6.990200992279191339e-03
6.744669947876234979e-03
1.331799443274778519e-02
1.319036923827664361e-02
1.295046234904235517e-02
1.285347382246890616e-02
2.141832586173608027e-02
2.152245903415463818e-02
6.292012624991177340e-03
6.137194406101172117e-03
6.318059896140432695e-03
6.134778655597796122e-03
1.203740587938799400e-02
1.199762127543594313e-02
1.170521375484550458e-02
1.169118985298852470e-02
1.935885188694405276e-02
1.957627627728251649e-02
5.687005663481538124e-03
5.582234496094067022e-03
5.710548365534568079e-03
5.544890488619968506e-03
1.087995201055425541e-02
1.084399288563196208e-02
1.057970173989626270e-02
1.056702630295133782e-02
1.749740613715082202e-02
1.769392413749982379e-02
5.140173000926942168e-03
5.045476079955178023e-03
5.161451960123151182e-03
5.011722876543165013e-03
9.896125071219180266e-03
9.801291356345453315e-03
9.623025132155436229e-03
9.550956428846468088e-03
1.591519148128500011e-02
1.599256911524638350e-02
4.675369418498538307e-03
4.560329540296489959e-03
4.694724213573627479e-03
4.529821868045113067e-03
8.944565543783228323e-03
8.858850541967472347e-03
8.697725463713588262e-03
8.632586509247740583e-03
1.438487007002594784e-02
1.445480747619345974e-02
4.225810395907600089e-03
4.121832149541291429e-03
4.243304135314664681e-03
4.120209695137663254e-03
8.084502993976170823e-03
8.057783055063487410e-03
7.861397762471295306e-03
7.851979098874998717e-03
1.300169634621456058e-02
1.314772183976916330e-02
3.819478613070865190e-03
3.749112719878151204e-03
3.835290246170311879e-03
3.724031922299629073e-03
7.307139551907758032e-03
7.282988862298392201e-03
7.105486950309167563e-03
7.096973936046965109e-03
1.175152135933501749e-02
1.188350580665784723e-02
3.452217565140550722e-03
3.388617687493532607e-03
3.466508834460047157e-03
3.365948527977365070e-03
6.646386569387804921e-03
6.582694818896995398e-03
6.462968539196087443e-03
6.414566113165823952e-03
1.068888217854911497e-02
1.074085016232365769e-02
3.140048482249716173e-03
3.062785968293642910e-03
3.153047453980020211e-03
3.042296556361640241e-03
6.007304866437561224e-03
5.949737380905260539e-03
5.841523352849706426e-03
5.797775050459619793e-03
9.661095282017332850e-03
9.708066296803858838e-03
2.838117875230071387e-03
2.785831498080753622e-03
2.849866933958283485e-03
2.767194854930290788e-03
5.429673911014848940e-03
5.411728397811840091e-03
5.279833079016194898e-03
5.273507362760844128e-03
8.732134987466649151e-03
8.830207907136204334e-03
2.565219333151648289e-03
2.517960540028750527e-03
2.575838663962033356e-03
2.501115898820628538e-03
4.907584921262407064e-03
4.891364954567770790e-03
4.772151998446507414e-03
4.766434529917141366e-03
7.892498646739087159e-03
7.981141388392154132e-03
2.333257658797794135e-03
2.275846649558592883e-03
2.342916729515230351e-03
2.260621700776796819e-03
4.463813271541077453e-03
4.421036933126155921e-03
4.340626961376587052e-03
4.308119163427577038e-03
7.178814176458782857e-03
7.213716656663062693e-03
2.108903829474330447e-03
2.057013162028320779e-03
2.117634134568736545e-03
2.043252164536929396e-03
4.034596379407898864e-03
3.995933189530870289e-03
3.923255019286284000e-03
3.893873000834984378e-03
6.488537024933249860e-03
6.520083465543183299e-03
1.906122688680277847e-03
1.871006370692557090e-03
1.914013533386881103e-03
1.858489720605549468e-03
3.646650734364506683e-03
3.634598257554150485e-03
3.546015375961642478e-03
3.541766929700226538e-03
5.864633306986852777e-03
5.930500556179984020e-03
1.722839919735634105e-03
1.691100202862915987e-03
1.729972022166242776e-03
1.679787088256328971e-03
3.296007909567590186e-03
3.285114335767811995e-03
3.205049119861667212e-03
3.201209181929295412e-03
5.300720901068359768e-03
5.360254700748206917e-03
1.567050967398936519e-03
1.528492869355880688e-03
1.573538144695819756e-03
1.518267564564891375e-03
2.997964189287532794e-03
2.969234956473431556e-03
2.915230408992975329e-03
2.893397682533500881e-03
4.821399667361753183e-03
4.844840698472267435e-03
1.416371558309529070e-03
1.381521004915375102e-03
1.422234962632788454e-03
1.372278911848651486e-03
2.709695663304070336e-03
2.683728882965399389e-03
2.634917129766549144e-03
2.615183723871734780e-03
4.357799141293480262e-03
4.378986205692215507e-03
1.280180691581456719e-03
1.256596043796565131e-03
1.285480301671434013e-03
1.248189673178439017e-03
2.449145528143821873e-03
2.441050903285736737e-03
2.381557306523668285e-03
2.378703986060412817e-03
3.938776012371042294e-03
3.983013448463376335e-03
1.157085224906659240e-03
1.135768353260349899e-03
1.161875252262331397e-03
1.128170295188322958e-03
2.213648528600011336e-03
2.206332240449405263e-03
2.152559236183179854e-03
2.149980276063200631e-03
3.560043951687204885e-03
3.600027747745676143e-03
1.052455019344588532e-03
1.026558820263615392e-03
1.056811905272055183e-03
1.019691351639115265e-03
2.013477879451605786e-03
1.994182894217455884e-03
1.957912627170824843e-03
1.943249439421171300e-03
3.238124595656117089e-03
3.253867945020064503e-03
9.512564599440303864e-04
9.278503036608721924e-04
9.551944105524294310e-04
9.216431748311900915e-04
1.819872397943914956e-03
1.802432717376910125e-03
1.769650009139662550e-03
1.756396756683402264e-03
2.926763503526985059e-03
2.940993054917162650e-03
8.597886236969661455e-04
8.439488192125697060e-04
8.633479216112029207e-04
8.383029741599338971e-04
1.644883004972559452e-03
1.639446533065241603e-03
1.599489737891542952e-03
1.597573404915892618e-03
2.645341262367919763e-03
2.675051790376836800e-03
7.771158552576020329e-04
7.627991233659001634e-04
7.803329097364628203e-04
7.576961531871759204e-04
1.486719675019184273e-03
1.481805945761317236e-03
1.445691186622906615e-03
1.443959118183892228e-03
2.390979109160457691e-03
2.417832828490363954e-03
7.023924669950069345e-04
6.894523570169582179e-04
7.053001863737550382e-04
6.848400617091405466e-04
1.352282053777429565e-03
1.339323251236649226e-03
1.314963593892795775e-03
1.305115576267476584e-03
2.174773223629203334e-03
2.185346694054921945e-03
6.388781582604312944e-04
6.231582313555250824e-04
6.415229451690669833e-04
6.189894301943472867e-04
1.222253697952087152e-03
1.210540945954636854e-03
1.188523585607212602e-03
1.179622501749433196e-03
1.965658427073584732e-03
1.975215207992120272e-03
5.774469825236279007e-04
5.632386014115766575e-04
5.798374605828059830e-04
5.594706503239730124e-04
1.104728187425486723e-03
1.094141672280889892e-03
1.074241385925235864e-03
1.066196183646198666e-03
1.776651013514671988e-03
1.785288864461202600e-03
5.219227067232409855e-04
5.123073740675057434e-04
5.240833289392510036e-04
5.088801424777908162e-04
9.985033141133032707e-04
9.952031795747782843e-04
9.709479636830267149e-04
9.697846804456491639e-04
1.605817562373743979e-03
1.623852924518821156e-03
4.717373543157578992e-04
4.630465816602434602e-04
4.736902224219488328e-04
4.599488947002145856e-04
9.024924679605840928e-04
8.995096570653400136e-04
8.775866956272962947e-04
8.765352676099840952e-04
1.451410560663077796e-03
1.467711736896354716e-03
4.263775624056820031e-04
4.185224489058087948e-04
4.281426529485435491e-04
4.157226192908126299e-04
8.157135216410145917e-04
8.130175222104068329e-04
7.932025578596928065e-04
7.922522296506486665e-04
1.311850527086221713e-03
1.326584267637192800e-03
3.853793303833312998e-04
3.782795234338605741e-04
3.869746990693292239e-04
3.757489107624840605e-04
7.372787840452599880e-04
7.348420177918496814e-04
7.169323565752455532e-04
7.160734069467051882e-04
1.185709854991119422e-03
1.199026876261045449e-03
3.483232735061145041e-04
3.419061467872497296e-04
3.497652398995980535e-04
3.396188645689918921e-04
6.663859197892278794e-04
6.641834602091752863e-04
6.479958981618067068e-04
6.472195406283283306e-04
1.071698208900181927e-03
1.083734735190984089e-03
3.168259084680828414e-04
3.090302434288214398e-04
3.181374840857477447e-04
3.069628942824529738e-04
6.061275271744219874e-04
6.003190592462677054e-04
5.894004355557418790e-04
5.849863012750053902e-04
9.747891813851395412e-04
9.795284822320953107e-04
2.863615893965563595e-04
2.793155146552570825e-04
2.875470507759751433e-04
2.774469509691176203e-04
5.478454804972409916e-04
5.425955244065043233e-04
5.327267783523706966e-04
5.287370840923474955e-04
8.810585619645975707e-04
8.853421564778279906e-04
2.588265596024728454e-04
2.524579984842190107e-04
2.598980332279099501e-04
2.507691060901628293e-04
4.951675300087215060e-04
4.904223821839288336e-04
4.815025630344240142e-04
4.778964968669481995e-04
7.963405877238837567e-04
8.002122942363653225e-04
2.339391539794900311e-04
2.281829603247148553e-04
2.349076003160290840e-04
2.280931419052887482e-04
4.475548151869315934e-04
4.460756101781898630e-04
4.352037998273223206e-04
4.346823864209218820e-04
7.197686499321500611e-04
7.278525621811911088e-04
2.114447908618595387e-04
2.075493634810055357e-04
2.123201164736997985e-04
2.061609006734145576e-04
4.045202895138948012e-04
4.031833171072038771e-04
3.933568830673064322e-04
3.928856060416629158e-04
6.505594684127539952e-04
6.578660740226646318e-04
1.911133678227085143e-04
1.875925043252947848e-04
1.919045267107492186e-04
1.863375488252150801e-04
3.656237383124990073e-04
3.644153221661978396e-04
3.555337465293711432e-04
3.551077850328448961e-04
5.880050791061569061e-04
5.946091198099755920e-04
